75,76,76,76,76,76,76,76,77,77,77,77,77,77,78,78,78,78,79,79,79,79,80,80,80,80,81,81,81,82,82,82,83,83,83,84,84,84,85,85,86,86,87,87,87,88,88,89,89,90,91,91,92,92,93,94,94,95,95,96,97,98,98,99,100,101,101,102,103,104,105,106,105,104,103,102,101,101,100,99,100,101,102,103,104,106,107,108,109,111,112,114,115,117,118,120,121,123,125,127,127,127,126,125,125,124,124,123,124,126,129,131,134,137,139,142,145,149,152,155,154,154,153,153,153,152,152,157,162,167,172,178,184,185,185,184,184,184,183,190,200,210,218,217,217,217,217,219,238,251
78,78,78,79,79,79,79,79,80,80,80,80,81,81,81,82,82,82,83,83,83,84,84,84,85,85,85,86,86,87,87,88,88,89,89,89,90,91,91,92,92,93,93,94,95,95,96,97,97,98,99,99,100,101,102,103,103,104,104,103,102,101,100,99,99,98,98,99,100,101,102,103,105,106,107,108,109,111,112,114,115,116,118,120,121,123,125,125,125,124,124,123,122,122,121,122,124,126,128,131,133,136,138,141,144,147,151,153,152,152,151,151,150,150,151,155,160,164,170,175,181,183,182,182,182,181,181,186,194,204,215,215,215,214,214,214,225,244,248,248,248,248,255,283,282,282,282,324,700,700
80,80,81,81,81,81,82,82,82,83,83,83,84,84,84,85,85,85,86,86,86,87,87,88,88,89,89,90,90,91,91,92,92,93,93,94,95,95,96,96,97,98,99,99,100,101,102,102,103,102,101,100,100,99,98,97,96,97,98,99,100,101,102,103,104,105,106,107,109,110,111,113,114,115,117,118,120,122,123,123,123,122,121,121,120,120,119,120,122,124,126,129,131,133,136,139,141,144,147,150,150,149,149,148,148,147,147,151,155,159,164,169,174,180,180,180,179,179,179,178,184,193,202,212,212,212,212,211,211,221,238,246,246,245,245,245,280,280,280,280,280,700,700,700,700,700,700,700,700,700
81,81,81,81,82,82,82,83,83,83,83,84,84,84,85,85,85,86,86,87,87,87,88,88,89,89,90,90,91,91,92,92,93,93,94,94,95,96,96,97,98,98,99,100,100,101,102,101,100,99,98,97,96,95,95,96,97,97,98,99,100,101,102,103,104,106,107,108,109,110,112,113,114,116,117,119,120,122,121,120,120,119,118,118,117,117,118,120,122,124,127,129,131,134,136,139,142,145,148,148,147,147,146,146,145,145,147,151,155,159,164,169,174,178,177,177,177,176,176,176,184,192,201,210,210,209,209,209,209,219,235,243,243,243,242,242,273,277,277,277,277,700,700,700,700,700,700,700,700,700
80,80,80,80,80,81,81,81,81,82,82,82,82,83,83,83,84,84,84,84,85,85,86,86,86,87,87,87,88,88,89,89,90,90,91,91,92,92,93,93,94,94,95,95,96,97,97,98,99,99,100,100,99,98,97,96,95,94,93,94,94,95,96,97,98,99,100,101,102,103,104,105,106,107,108,110,111,112,114,115,116,118,119,119,119,118,117,117,116,115,115,115,117,119,121,123,125,127,129,132,134,137,140,142,145,145,145,144,144,143,143,142,144,148,151,156,160,165,170,175,175,175,174,174,174,173,177,185,193,202,207,207,207,206,206,206,220,236,240,240,240,240,241,274,274,274,274,274,700,700
78,78,78,79,79,79,79,79,79,79,80,80,80,80,80,81,81,81,81,81,82,82,82,82,83,83,83,84,84,84,85,85,85,86,86,86,87,87,87,88,88,89,89,90,90,91,91,92,92,93,93,94,94,95,95,96,97,97,98,99,98,97,96,95,94,93,92,91,92,93,94,94,95,96,97,98,99,100,101,102,103,104,105,106,107,108,110,111,112,113,115,116,117,117,116,115,115,114,113,113,112,113,115,117,119,121,123,125,127,129,132,134,136,139,142,143,142,142,141,141,140,140,140,143,147,151,155,159,164,169,173,172,172,172,171,171,170,176,183,191,200,204,204,204,204,203,203,217,233,238
77,77,77,77,77,77,78,78,78,78,78,78,78,78,78,78,79,79,79,79,79,79,79,80,80,80,80,80,81,81,81,81,82,82,82,82,83,83,83,84,84,84,84,85,85,86,86,86,87,87,87,88,88,89,89,90,90,91,91,92,92,93,93,94,94,95,96,96,97,96,95,94,93,92,91,90,89,90,91,91,92,93,94,95,95,96,97,98,99,100,101,102,103,104,105,106,108,109,110,111,113,114,115,114,114,113,112,112,111,110,110,111,112,114,116,118,120,122,124,126,128,130,133,135,138,140,140,140,139,139,138,138,137,138,141,145,149,153,157,161,166,170,170,169,169,168,168,168,172,180
77,77,77,77,77,77,77,77,77,77,77,77,77,77,77,77,77,77,77,78,78,78,78,78,78,78,78,79,79,79,79,79,79,80,80,80,80,80,81,81,81,81,82,82,82,83,83,83,83,84,84,84,85,85,86,86,86,87,87,88,88,88,89,89,90,90,91,91,92,92,93,94,94,95,94,93,92,91,90,89,88,87,88,88,89,90,91,91,92,93,94,94,95,96,97,98,99,100,101,102,103,104,105,106,107,109,110,111,112,112,111,111,110,109,109,108,107,108,109,111,112,114,116,118,120,122,124,126,128,130,133,135,138,137,137,136,136,135,135,134,135,138,142,146,149,153,158,162,167,167
76,76,76,76,76,76,76,76,76,76,76,76,76,76,76,76,76,76,77,77,77,77,77,77,77,77,78,78,78,78,78,78,79,79,79,79,79,80,80,80,80,80,81,81,81,82,82,82,82,83,83,83,84,84,84,85,85,86,86,86,87,87,88,88,89,89,90,90,91,91,92,92,92,91,90,89,88,87,86,85,85,86,86,87,87,88,89,90,90,91,92,93,93,94,95,96,97,98,99,100,101,102,103,104,105,106,108,109,110,109,108,108,107,106,106,105,105,105,106,108,109,111,113,115,116,118,120,122,124,127,129,131,134,135,134,134,133,133,132,132,131,133,137,140,144,148,152,156,160,164
75,75,75,75,75,75,75,75,75,75,76,76,76,76,76,76,76,76,76,76,77,77,77,77,77,77,78,78,78,78,78,79,79,79,79,80,80,80,80,81,81,81,81,82,82,82,83,83,83,84,84,85,85,85,86,86,87,87,88,88,88,89,89,90,90,89,88,86,85,84,83,82,83,83,84,84,85,86,86,87,88,88,89,90,91,91,92,93,94,95,96,97,98,98,99,101,102,103,104,105,106,107,106,106,105,104,104,103,102,102,102,103,105,106,108,109,111,113,115,116,118,120,122,125,127,129,132,132,131,131,130,130,129,129,128,131,134,137,141,145,149,153,157,161,161,161,160,160,160,159
75,75,75,75,75,75,75,75,75,76,76,76,76,76,76,77,77,77,77,77,78,78,78,78,78,79,79,79,79,80,80,80,81,81,81,82,82,82,83,83,83,84,84,85,85,85,86,86,87,87,88,87,86,85,84,83,82,81,80,80,81,81,82,82,83,84,84,85,86,86,87,88,88,89,90,91,91,92,93,94,95,96,97,98,99,100,101,102,103,104,104,103,102,102,101,100,100,99,99,100,101,102,104,105,107,109,110,112,114,116,118,120,122,124,126,129,129,128,128,127,127,126,126,126,127,130,134,137,141,144,148,153,157,158,158,158,157,157,156,156,161,168,175,183,190,190,190,189,189,189
75,75,75,76,76,76,76,76,76,77,77,77,77,78,78,78,78,79,79,79,80,80,80,80,81,81,81,82,82,83,83,83,84,84,85,85,86,85,84,83,82,81,79,78,77,78,78,79,79,80,80,81,82,82,83,83,84,85,85,86,87,88,88,89,90,91,92,92,93,94,95,96,97,98,99,100,101,101,101,100,99,99,98,97,97,96,96,97,99,100,102,103,105,106,108,110,111,113,115,117,119,121,124,126,126,125,125,124,124,124,123,123,124,127,130,133,136,140,144,148,153,156,155,155,154,154,154,153,154,161,168,175,184,187,187,187,186,186,186,194,209,221,220,220,220,220,225,255,255,255
76,76,76,76,77,77,77,77,78,78,78,79,79,79,79,80,80,80,81,81,82,82,82,83,83,83,83,82,80,79,78,77,76,75,76,76,77,77,78,78,79,79,80,80,81,81,82,83,83,84,85,85,86,87,88,88,89,90,91,92,93,93,94,95,96,97,98,99,98,97,97,96,95,95,94,94,93,94,95,97,98,99,101,102,104,105,107,109,111,112,114,116,118,121,123,123,123,122,122,121,121,120,120,120,123,126,129,132,136,139,143,147,152,152,152,152,151,151,151,150,154,160,167,175,183,184,184,184,184,183,183,194,209,218,218,217,217,217,227,252,252,252,252,252,700,700,700,700,700,700
76,76,76,76,77,77,77,77,78,78,78,79,79,79,80,80,80,81,81,81,82,81,79,78,77,76,75,74,73,74,74,75,75,76,76,77,77,78,78,79,79,80,80,81,82,82,83,83,84,85,86,86,87,88,89,89,90,91,92,93,94,95,96,96,96,95,94,94,93,92,92,91,91,91,92,93,95,96,97,99,100,102,103,105,106,108,110,112,114,116,118,120,120,120,119,119,119,118,118,117,117,119,122,125,128,131,135,139,143,147,150,149,149,149,148,148,148,147,153,159,166,174,182,181,181,181,181,180,180,193,208,215,215,215,214,214,226,249,249,249,249,249,700,700,700,700,700,700,700,700
75,75,75,75,75,76,76,76,76,76,77,77,77,78,78,78,78,79,79,79,80,80,80,78,77,76,75,74,72,72,72,72,73,73,74,74,75,75,75,76,76,77,77,78,78,79,80,80,81,81,82,83,83,84,85,85,86,87,88,88,89,90,91,92,93,94,94,93,93,92,91,91,90,89,89,88,89,90,91,92,93,95,96,97,99,100,102,103,105,106,108,110,112,114,116,118,118,117,117,116,116,115,115,115,114,116,119,122,125,128,131,135,139,143,147,147,147,146,146,145,145,145,147,153,160,167,175,179,179,178,178,178,178,180,194,211,212,212,212,212,212,231,246,246,246,246,253,700,700,700
73,73,73,74,74,74,74,74,74,74,75,75,75,75,75,76,76,76,76,77,77,77,77,78,78,78,79,79,79,78,77,75,74,73,71,70,71,71,71,72,72,73,73,73,74,74,75,75,76,76,77,77,78,78,79,79,80,80,81,82,82,83,83,84,85,86,86,87,88,89,89,90,91,92,92,91,90,90,89,88,88,87,87,86,87,88,89,90,91,92,94,95,96,97,99,100,102,103,105,107,108,110,112,114,116,115,115,114,114,113,113,112,112,112,114,117,119,122,125,128,132,135,139,143,144,144,144,143,143,143,142,142,147,154,160,167,175,176,176,176,175,175,175,181,195,210,209,209,209,209
73,73,73,73,73,73,73,73,73,73,73,74,74,74,74,74,74,74,75,75,75,75,75,75,76,76,76,76,77,77,77,77,78,78,78,78,79,77,75,74,73,71,70,70,70,70,71,71,71,72,72,73,73,73,74,74,75,75,75,76,76,77,77,78,78,79,79,80,81,81,82,82,83,84,84,85,86,87,87,88,89,90,90,90,89,89,88,87,87,86,85,85,84,85,86,87,88,89,90,91,92,94,95,96,97,99,100,102,103,105,106,108,110,112,114,113,113,112,112,111,111,110,110,109,111,113,116,119,121,124,127,131,134,138,142,142,141,141,141,140,140,140,140,145,151,157,164,172,173,173
73,73,73,73,73,73,73,73,74,74,74,74,74,74,74,74,74,74,74,74,75,75,75,75,75,75,75,76,76,76,76,76,76,77,77,77,77,78,78,78,78,79,77,75,74,72,71,69,70,70,70,70,71,71,71,72,72,72,73,73,74,74,74,75,75,76,76,76,77,77,78,78,79,79,80,81,81,82,82,83,83,84,85,85,86,87,88,88,89,89,88,87,87,86,85,84,84,83,83,83,84,85,86,87,88,89,90,91,93,94,95,96,97,99,100,102,103,105,106,108,109,111,111,111,110,110,109,109,108,108,107,108,110,113,115,118,120,123,126,129,132,136,140,139,139,139,138,138,138,137
75,75,75,75,75,75,75,75,75,75,75,75,75,75,75,75,75,75,75,75,75,76,76,76,76,76,76,76,76,77,77,77,77,77,77,78,78,78,78,79,79,77,75,74,72,70,70,70,70,70,71,71,71,71,72,72,72,73,73,73,74,74,74,75,75,76,76,76,77,77,78,78,79,79,80,80,81,81,82,82,83,84,84,85,85,86,87,88,88,88,87,86,85,85,84,83,82,82,82,82,83,84,85,86,87,88,89,90,91,92,93,94,95,97,98,99,100,102,103,105,106,108,109,109,109,108,108,107,107,106,106,105,106,108,110,112,115,117,120,122,125,128,131,135,138,137,137,136,136,136
76,76,76,76,76,76,76,76,76,76,77,77,77,77,77,77,77,77,77,77,77,78,78,78,78,78,78,79,79,79,79,79,79,78,76,74,72,70,70,70,71,71,71,71,72,72,72,72,73,73,73,74,74,74,75,75,75,76,76,76,77,77,78,78,79,79,79,80,80,81,81,82,82,83,84,84,85,85,86,87,87,87,87,86,85,84,83,83,82,81,80,81,82,83,84,84,85,86,87,88,89,90,91,92,93,94,95,96,97,99,100,101,103,104,105,107,108,108,107,106,106,105,105,104,104,103,105,107,109,111,113,115,118,120,123,125,128,131,134,135,135,134,134,134,133,133,133,135,139,144
78,78,78,79,79,79,79,79,79,79,79,79,79,80,80,80,80,80,80,79,77,74,72,71,71,71,72,72,72,72,72,73,73,73,73,74,74,74,75,75,75,75,76,76,76,77,77,78,78,78,79,79,80,80,80,81,81,82,82,83,83,84,84,85,85,86,87,87,87,86,85,84,83,82,81,81,80,80,81,82,83,83,84,85,86,86,87,88,89,90,91,92,93,94,95,96,97,98,100,101,102,104,105,106,106,106,105,105,104,104,103,103,102,102,104,106,108,109,111,114,116,118,120,123,125,128,131,133,133,133,132,132,131,131,131,130,134,138,143,147,152,158,163,164,163,163,163,162,162,162
81,82,82,80,76,74,72,72,72,73,73,73,73,73,73,74,74,74,74,75,75,75,75,76,76,76,77,77,77,77,78,78,78,79,79,80,80,80,81,81,82,82,83,83,83,84,84,85,85,86,87,87,86,85,84,83,82,81,81,80,80,80,81,82,82,83,84,84,85,86,87,87,88,89,90,91,92,93,94,95,96,97,98,99,100,101,103,104,105,105,104,104,103,103,102,102,101,100,101,102,104,106,108,109,111,113,115,118,120,122,125,127,130,131,131,131,130,130,129,129,128,129,132,136,140,144,149,154,159,162,161,161,161,160,160,160,164,172,181,190,194,194,193,193,193,193,207,227,227,227
75,75,75,75,75,76,76,76,76,77,77,77,77,78,78,78,79,79,79,80,80,80,81,81,81,82,82,83,83,83,84,84,85,85,86,86,87,86,85,84,83,82,81,80,79,79,80,80,81,82,82,83,83,84,85,86,86,87,88,89,89,90,91,92,93,94,95,96,97,98,99,100,101,102,103,104,104,103,102,102,101,100,100,99,99,100,102,103,105,107,108,110,112,114,116,118,120,122,125,127,130,129,129,128,128,128,127,127,126,128,132,135,139,143,147,152,156,159,159,159,158,158,158,157,160,167,175,183,192,191,191,191,191,190,194,210,225,225,225,224,224,230,275,678,683,689,695,700,700,700
77,78,78,78,78,79,79,79,80,80,80,80,81,81,81,82,82,83,83,83,84,84,84,85,85,86,86,87,86,85,84,83,82,81,80,79,79,80,80,81,81,82,82,83,84,84,85,86,86,87,88,89,89,90,91,92,93,94,94,95,96,97,98,99,100,101,103,103,102,101,101,100,100,99,98,98,98,99,100,102,103,105,106,108,110,112,113,115,117,119,121,124,126,128,127,127,126,126,125,125,125,124,127,130,133,137,140,144,148,152,157,157,157,156,156,156,155,155,161,167,175,183,189,189,189,188,188,188,192,207,222,222,222,222,222,222,257,671,677,681,687,693,699,700,700,700,700,700,700,700
79,79,79,79,80,80,80,80,81,81,81,81,82,82,82,83,83,83,84,84,85,85,85,86,86,87,86,85,84,82,81,80,79,78,79,79,80,80,81,81,82,83,83,84,84,85,86,86,87,88,88,89,90,91,91,92,93,94,95,96,97,97,98,99,100,102,102,101,100,99,99,98,97,97,96,96,98,99,100,102,103,105,106,108,109,111,113,114,116,118,120,122,125,126,125,125,124,124,123,123,123,122,125,128,131,134,137,141,144,148,153,155,155,154,154,153,153,153,154,160,167,174,182,187,186,186,186,185,185,189,203,218,220,219,219,219,219,240,278,669,674,680,685,691,697,700,700,700,700,700
78,78,79,79,79,79,79,80,80,80,80,80,81,81,81,82,82,82,82,83,83,83,84,84,84,85,85,85,86,86,86,85,84,82,81,80,79,78,78,79,79,80,80,81,81,82,82,83,83,84,85,85,86,86,87,88,88,89,90,90,91,92,93,94,94,95,96,97,98,99,100,100,100,99,98,98,97,96,96,95,95,96,97,98,99,101,102,103,105,106,108,109,111,113,114,116,118,120,122,124,124,123,123,122,122,121,121,120,122,124,127,130,133,136,140,143,147,151,153,152,152,151,151,151,150,152,157,163,170,177,184,184,184,183,183,183,183,194,207,217,217,217,217,216,218,246,283,665,670,676
78,78,78,78,78,78,78,79,79,79,79,79,79,79,80,80,80,80,80,81,81,81,81,82,82,82,82,83,83,83,83,84,84,84,85,85,85,86,86,84,83,81,80,79,77,78,78,78,79,79,80,80,81,81,81,82,83,83,84,84,85,85,86,86,87,88,88,89,90,90,91,92,93,94,94,95,96,97,98,99,99,98,97,97,96,95,94,94,93,93,94,95,97,98,99,100,101,103,104,106,107,109,110,112,113,115,117,119,121,122,121,121,120,120,119,119,118,118,120,122,125,128,130,133,137,140,144,147,150,150,150,149,149,148,148,148,152,158,163,170,177,182,181,181,181,180,180,181,192,205
78,78,78,78,78,78,78,78,78,78,78,78,78,79,79,79,79,79,79,79,79,80,80,80,80,80,80,81,81,81,81,81,82,82,82,82,83,83,83,84,84,84,84,85,85,85,84,82,80,79,78,76,77,77,77,78,78,79,79,80,80,80,81,81,82,82,83,83,84,84,85,86,86,87,87,88,89,89,90,91,91,92,93,94,94,95,96,97,97,96,96,95,94,93,93,92,91,91,92,93,94,95,97,98,99,100,101,103,104,106,107,108,110,112,113,115,117,119,120,119,119,118,118,117,117,116,116,117,119,122,124,127,130,133,136,139,142,146,148,147,147,147,146,146,145,145,150,156,161,167
78,78,78,78,78,78,78,78,78,78,78,78,78,78,78,78,79,79,79,79,79,79,79,79,79,80,80,80,80,80,80,80,81,81,81,81,81,82,82,82,82,83,83,83,83,84,84,84,83,82,80,79,77,76,76,76,76,77,77,77,78,78,79,79,79,80,80,81,81,82,82,83,83,84,84,85,85,86,86,87,88,88,89,90,90,91,92,92,93,94,95,96,95,94,93,93,92,91,90,90,89,90,91,92,93,94,95,96,97,98,99,101,102,103,104,106,107,109,110,112,114,115,117,117,117,116,116,115,115,114,114,113,115,117,120,122,125,127,130,133,136,139,143,145,145,145,144,144,143,143
78,78,78,78,78,78,78,78,78,78,78,78,78,78,78,78,79,79,79,79,79,79,79,79,79,80,80,80,80,80,80,81,81,81,81,81,82,82,82,82,83,83,83,83,82,80,78,77,75,74,75,75,75,76,76,76,77,77,77,78,78,78,79,79,80,80,81,81,81,82,82,83,83,84,85,85,86,86,87,88,88,89,89,90,91,92,92,93,94,93,92,91,91,90,89,88,88,87,88,89,90,90,91,92,93,94,96,97,98,99,100,102,103,104,106,107,108,110,112,113,115,115,114,114,113,113,112,112,111,111,112,115,117,119,122,124,127,130,132,136,139,142,143,142,142,141,141,140,140,140
78,78,78,78,78,78,78,78,78,78,79,79,79,79,79,79,79,79,80,80,80,80,80,80,81,81,81,81,81,82,82,82,82,81,79,77,75,74,73,73,74,74,74,75,75,75,76,76,76,77,77,77,78,78,78,79,79,80,80,81,81,81,82,82,83,83,84,85,85,86,86,87,88,88,89,89,90,91,92,91,90,90,89,88,87,86,86,85,85,86,87,88,89,90,91,92,93,94,95,96,97,98,99,100,102,103,104,106,107,109,110,112,113,112,111,111,110,110,109,109,108,109,111,113,115,117,120,122,125,127,130,133,136,139,140,139,139,139,138,138,137,137,141,146,151,156,162,168,171,170
78,79,79,79,79,79,79,79,79,80,80,80,80,80,81,81,81,81,80,78,76,74,72,72,72,72,73,73,73,74,74,74,74,75,75,75,76,76,76,77,77,77,78,78,79,79,80,80,80,81,81,82,82,83,83,84,84,85,86,86,87,87,88,89,89,90,89,88,87,86,85,85,84,83,83,84,84,85,86,87,88,89,90,91,91,92,94,95,96,97,98,99,100,102,103,104,106,107,109,110,110,109,109,108,108,107,106,106,105,107,109,111,113,115,117,120,122,125,128,130,133,137,137,137,136,136,136,135,135,134,138,142,147,152,157,163,168,168,168,167,167,167,166,170,180,191,201,201,200,200
80,80,80,79,77,74,72,71,71,71,71,72,72,72,72,73,73,73,73,74,74,74,75,75,75,76,76,76,77,77,77,78,78,79,79,79,80,80,81,81,82,82,83,83,84,84,85,86,86,87,87,88,87,86,85,84,83,83,82,81,81,81,82,83,84,84,85,86,87,88,89,90,90,91,92,93,95,96,97,98,99,100,102,103,104,106,107,107,107,106,106,105,105,104,104,103,103,105,107,109,111,113,115,118,120,123,125,128,131,134,135,134,134,133,133,133,132,132,134,138,143,147,152,158,164,165,165,165,164,164,164,164,172,182,192,198,198,198,197,197,197,214,239,271,644,649,654,659,665,671
71,71,71,71,72,72,72,72,73,73,73,73,74,74,74,75,75,75,76,76,76,77,77,77,78,78,79,79,79,80,80,81,81,82,82,83,83,84,84,85,86,86,85,84,83,82,81,81,80,79,79,79,80,81,81,82,83,84,84,85,86,87,88,89,90,91,92,93,94,95,96,97,98,99,101,102,103,105,105,105,104,104,103,102,102,101,101,100,102,104,106,107,109,111,113,116,118,120,123,126,128,131,132,132,131,131,130,130,130,129,131,135,139,143,148,153,159,163,162,162,162,161,161,161,165,174,184,195,195,195,195,194,194,197,218,245,638,642,647,653,658,663,669,675,700,700,700,700,700,700
71,71,72,72,72,72,72,73,73,73,74,74,74,74,75,75,75,76,76,76,77,77,77,78,78,79,79,80,80,80,81,81,82,82,83,83,84,84,84,83,82,81,80,79,78,78,77,77,78,79,79,80,81,81,82,83,84,84,85,86,87,88,89,90,91,91,92,94,95,96,97,98,99,100,102,103,103,102,102,101,100,100,99,99,98,98,100,102,103,105,107,109,111,113,115,118,120,122,125,128,130,129,129,128,128,128,127,127,126,130,134,138,142,147,152,157,160,160,159,159,159,158,158,162,171,181,191,192,192,192,192,192,192,212,236,267,638,642,648,653,659,665,671,676,700,700,700,700,700,700
70,71,71,71,71,71,72,72,72,72,72,73,73,73,73,74,74,74,75,75,75,75,76,76,76,77,77,78,78,78,79,79,80,80,80,81,81,82,82,83,83,82,81,80,79,78,78,77,76,76,76,77,77,78,79,79,80,80,81,82,83,83,84,85,86,87,87,88,89,90,91,92,93,94,95,96,97,99,100,101,101,100,100,99,98,98,97,97,96,96,98,99,101,102,104,106,108,110,112,114,116,118,121,123,126,127,127,126,126,125,125,125,124,124,127,131,135,139,143,148,153,157,157,157,157,156,156,156,156,163,172,182,190,190,189,189,189,189,193,213,236,266,635,640,644,650,655,661,667,673
70,70,70,70,70,70,71,71,71,71,71,71,72,72,72,72,72,72,73,73,73,73,74,74,74,74,75,75,75,76,76,76,76,77,77,77,78,78,79,79,79,80,80,81,81,82,82,82,81,80,79,78,77,76,76,75,75,75,76,76,77,77,78,79,79,80,80,81,82,82,83,84,85,85,86,87,88,89,90,91,92,93,94,95,96,97,98,99,99,99,98,97,97,96,96,95,95,94,95,97,98,100,101,103,104,106,108,110,112,114,116,118,121,123,125,125,124,124,123,123,122,122,122,124,127,130,134,138,142,147,152,155,155,154,154,154,153,153,154,162,170,179,187,187,187,187,186,186,187,205
80,80,80,80,76,71,71,71,71,71,71,71,71,71,71,71,72,72,72,72,72,72,73,73,73,73,73,73,74,74,74,74,75,75,75,75,76,76,76,76,77,77,77,78,78,78,79,79,79,80,80,81,81,81,82,81,80,79,78,77,76,75,74,74,74,75,75,76,76,77,77,78,79,79,80,80,81,82,82,83,84,84,85,86,87,88,88,89,90,91,92,93,94,95,96,97,98,97,97,96,95,95,94,94,93,93,93,94,95,97,98,100,101,103,104,106,108,110,111,113,116,118,120,122,123,122,122,121,121,121,120,120,119,122,125,129,132,136,140,144,149,153,152,152,152,151,151,151,150,156
82,82,82,82,82,82,82,82,78,72,72,72,72,72,72,72,72,72,73,73,73,73,73,73,73,73,74,74,74,74,74,74,74,75,75,75,75,76,76,76,76,76,77,77,77,78,78,78,78,79,79,79,80,80,80,81,81,81,82,81,80,79,78,76,75,74,74,74,74,75,75,76,76,77,77,78,78,79,79,80,81,81,82,82,83,84,84,85,86,87,87,88,89,90,91,91,92,93,94,95,96,97,96,95,95,94,93,93,92,92,91,92,93,94,95,97,98,99,101,102,104,105,107,109,111,113,115,117,119,121,121,120,120,119,119,118,118,118,118,120,123,126,130,133,137,140,144,149,150,150
84,84,84,84,84,84,77,74,74,74,74,74,74,74,74,74,74,74,74,74,74,75,75,75,75,75,75,75,75,76,76,76,76,76,76,77,77,77,77,78,78,78,78,78,79,79,79,80,80,80,80,81,81,81,82,82,82,81,79,78,77,75,74,74,74,75,75,75,76,76,77,77,78,78,79,79,80,80,81,81,82,82,83,84,84,85,86,86,87,88,88,89,90,91,92,92,93,94,95,96,95,95,94,93,92,92,91,91,90,90,91,93,94,95,96,97,99,100,102,103,105,106,108,109,111,113,115,117,119,119,119,118,118,117,117,116,116,115,118,120,123,126,129,132,136,139,143,147,148,148
76,76,76,76,76,76,76,76,76,76,76,76,76,76,77,77,77,77,77,77,77,77,78,78,78,78,78,78,79,79,79,79,79,80,80,80,80,81,81,81,81,82,82,82,83,83,83,82,80,79,77,76,75,74,75,75,76,76,76,77,77,78,78,78,79,79,80,80,81,81,82,82,83,83,84,85,85,86,87,87,88,89,89,90,91,91,92,93,94,95,95,94,94,93,92,92,91,90,89,89,90,91,92,93,94,95,96,98,99,100,101,103,104,106,107,109,110,112,114,116,118,118,117,117,116,116,115,115,114,114,116,118,121,123,126,129,132,135,139,142,146,146,146,145,145,144,144,144,145,151
79,79,79,79,79,79,79,79,79,79,80,80,80,80,80,80,81,81,81,81,81,82,82,82,82,83,83,83,83,84,84,84,83,81,79,78,76,75,75,76,76,76,77,77,77,78,78,79,79,79,80,80,81,81,82,82,83,83,84,84,85,85,86,87,87,88,88,89,90,90,91,92,93,93,94,95,95,94,93,92,91,91,90,89,88,89,90,91,92,93,94,95,96,97,98,99,101,102,103,105,106,107,109,110,112,114,115,117,116,116,115,114,114,113,113,112,113,115,117,120,122,125,127,130,133,136,139,143,144,144,143,143,143,142,142,141,146,151,156,162,168,174,175,175,174,174,174,174,177,188
82,82,83,83,83,83,83,84,84,84,84,84,85,85,85,85,83,81,79,77,76,76,77,77,77,78,78,78,79,79,79,80,80,80,81,81,82,82,83,83,83,84,84,85,85,86,86,87,88,88,89,89,90,91,91,92,93,93,94,95,94,93,92,92,91,90,89,88,88,89,90,90,91,92,93,94,95,96,97,98,100,101,102,103,104,106,107,108,110,111,113,115,115,115,114,114,113,112,112,111,111,112,114,116,118,120,123,125,128,130,133,136,139,142,142,142,141,141,141,140,140,140,145,149,154,159,164,170,173,173,172,172,172,171,172,180,190,201,213,227,242,411,417,551,611,616,620,625,629,634
86,87,85,82,80,78,77,78,78,78,78,79,79,79,80,80,80,81,81,81,82,82,82,83,83,84,84,84,85,85,86,86,87,87,88,88,89,89,90,91,91,92,92,93,94,94,95,94,93,92,91,90,89,88,87,88,89,90,91,91,92,93,94,95,96,97,98,99,100,101,102,103,105,106,107,109,110,111,113,114,114,113,113,112,111,111,110,110,110,111,113,115,117,119,122,124,126,129,131,134,137,140,141,140,140,139,139,138,138,138,141,145,149,154,158,163,169,171,170,170,170,169,169,170,177,186,196,206,218,231,246,409,411,536,607,611,616,620,625,630,635,640,646,651,700,700,700,700,700,700
79,79,79,80,80,80,80,81,81,81,82,82,82,83,83,83,84,84,84,85,85,86,86,87,87,87,88,88,89,89,90,90,91,92,92,93,93,94,95,94,93,92,91,90,89,88,87,88,88,89,90,91,91,92,93,94,95,96,97,97,98,99,101,102,103,104,105,106,107,109,110,111,113,113,112,112,111,110,110,109,109,108,109,111,113,115,117,118,120,123,125,127,129,132,135,137,139,139,138,138,137,137,136,136,138,141,145,149,153,158,163,168,169,168,168,167,167,167,168,175,183,192,201,212,223,236,407,406,408,527,603,608,612,617,621,626,631,636,641,646,700,700,700,700,700,700,700,700,700,700
80,80,80,81,81,81,81,82,82,82,83,83,83,83,84,84,84,85,85,85,86,86,87,87,87,88,88,89,89,90,90,91,91,92,92,93,93,94,95,93,92,91,90,89,88,87,87,88,88,89,90,90,91,92,93,93,94,95,96,97,98,99,100,101,102,103,104,105,106,107,108,109,111,112,112,111,110,109,109,108,108,107,107,109,110,112,114,115,117,119,121,123,125,127,130,132,134,137,137,136,136,135,135,134,134,134,137,141,144,148,152,156,161,166,166,166,166,165,165,165,165,172,179,186,195,204,214,226,238,404,404,403,514,599,603,608,612,617,621,626,632,637,641,700,700,700,700,700,700,700
86,82,80,80,81,81,81,81,81,82,82,82,82,82,83,83,83,83,84,84,84,85,85,85,86,86,86,87,87,87,88,88,89,89,89,90,90,91,91,92,92,93,93,94,94,93,91,90,89,88,87,86,87,87,88,89,89,90,91,91,92,93,94,94,95,96,97,98,99,99,100,101,102,103,104,106,107,108,109,110,111,110,109,108,108,107,106,106,105,106,108,109,111,112,114,116,118,119,121,123,125,127,130,132,134,135,135,134,134,133,133,132,132,134,137,140,144,147,151,155,159,164,164,164,163,163,163,162,163,169,175,183,190,199,208,218,229,242,402,401,401,510,591,601,604,609,613,618,623,628
90,90,90,90,90,90,90,91,86,82,81,81,81,81,81,82,82,82,82,82,83,83,83,83,83,84,84,84,84,85,85,85,86,86,86,87,87,87,88,88,88,89,89,90,90,90,91,91,92,92,93,93,94,92,91,90,89,87,86,85,86,87,87,88,88,89,90,90,91,92,92,93,94,94,95,96,97,98,99,99,100,101,102,103,104,105,106,108,109,109,108,108,107,106,106,105,104,104,104,106,107,109,110,112,113,115,117,118,120,122,124,126,128,130,133,133,133,132,132,131,130,130,130,132,134,138,141,144,148,151,155,159,162,162,161,161,160,160,160,163,169,175,182,189,197,206,216,227,238,399
90,90,90,90,90,90,90,90,91,91,91,91,91,91,88,83,81,81,81,82,82,82,82,82,82,82,83,83,83,83,83,84,84,84,84,85,85,85,85,86,86,86,87,87,87,87,88,88,89,89,89,90,90,91,91,91,92,92,93,92,91,90,88,87,86,85,85,85,86,86,87,88,88,89,89,90,91,91,92,93,93,94,95,96,96,97,98,99,100,101,102,103,103,104,106,107,108,107,106,106,105,104,103,103,102,102,103,105,106,107,109,110,112,113,115,117,118,120,122,124,126,128,130,131,131,130,130,129,128,128,127,128,131,134,137,140,143,146,150,154,158,160,159,159,158,158,158,157,161,166
91,91,91,91,91,91,91,91,91,91,91,91,91,91,91,88,81,81,81,82,82,82,82,82,82,82,82,83,83,83,83,83,83,84,84,84,84,84,85,85,85,85,86,86,86,87,87,87,88,88,88,89,89,89,90,90,90,91,91,92,92,90,89,88,86,85,84,84,84,85,85,86,86,87,87,88,88,89,90,90,91,92,92,93,94,94,95,96,97,97,98,99,100,101,102,103,104,105,106,106,105,104,103,103,102,101,100,100,101,102,103,105,106,107,109,110,112,113,115,116,118,120,122,124,126,128,129,128,128,127,127,126,126,125,125,128,131,133,136,139,142,146,149,153,157,157,157,156,156,155
91,91,91,91,91,91,91,91,91,88,81,81,81,81,82,82,82,82,82,82,82,82,82,83,83,83,83,83,83,84,84,84,84,84,85,85,85,85,86,86,86,86,87,87,87,88,88,88,89,89,89,90,90,90,91,90,88,87,85,84,83,82,83,83,84,84,85,85,86,86,87,87,88,88,89,90,90,91,91,92,93,93,94,95,96,96,97,98,99,100,101,102,102,103,104,103,102,102,101,100,99,99,98,98,100,101,102,103,104,106,107,108,110,111,113,114,116,118,119,121,123,125,127,126,126,125,125,124,123,123,122,124,127,130,132,135,138,141,144,148,152,155,154,154,153,153,153,152,152,157
81,81,81,81,81,82,82,82,82,82,82,82,82,82,83,83,83,83,83,83,84,84,84,84,84,85,85,85,85,86,86,86,86,87,87,87,88,88,88,88,89,89,90,89,87,86,84,83,82,81,81,82,82,83,83,84,84,85,85,85,86,87,87,88,88,89,89,90,91,91,92,93,93,94,95,95,96,97,98,99,99,100,101,102,102,101,100,99,98,98,97,96,96,97,98,99,100,101,103,104,105,106,108,109,111,112,114,115,117,119,120,122,124,124,123,123,122,122,121,121,120,121,124,126,129,131,134,137,140,143,147,150,152,152,151,151,150,150,149,150,155,160,166,172,178,185,192,200,209,218
82,82,82,83,83,83,83,83,83,84,84,84,84,84,85,85,85,85,86,86,86,86,87,87,87,88,88,88,88,86,85,83,82,80,80,80,81,81,81,82,82,83,83,83,84,84,85,85,86,86,87,87,88,89,89,90,90,91,92,92,93,94,94,95,96,97,98,98,99,100,100,99,98,97,96,96,95,94,94,95,96,97,98,99,100,101,102,103,105,106,107,109,110,112,113,115,116,118,120,122,122,121,120,120,119,119,118,118,118,121,123,125,128,130,133,136,139,142,145,149,149,149,148,148,148,147,147,149,154,159,164,170,176,183,190,198,206,215,225,387,386,385,385,402,505,581,584,589,593,597
84,84,84,85,85,85,85,86,86,86,86,87,87,87,87,85,83,82,80,79,79,79,79,80,80,80,81,81,82,82,82,83,83,84,84,85,85,86,86,87,87,88,88,89,90,90,91,91,92,93,94,94,95,96,96,97,98,98,97,96,95,94,94,93,92,91,92,93,94,95,96,97,98,100,101,102,103,104,106,107,108,110,111,113,114,116,118,119,119,119,118,117,117,116,116,115,116,118,120,122,124,127,130,132,135,138,141,144,147,146,146,146,145,145,144,144,147,152,157,162,168,174,180,187,195,203,212,222,384,383,383,382,394,494,568,581,585,589,593,598,602,607,612,616,621,700,700,700,700,700
85,86,86,86,87,85,83,82,80,78,78,78,78,78,79,79,79,80,80,81,81,81,82,82,83,83,83,84,84,85,85,86,86,87,87,88,89,89,90,90,91,92,92,93,94,94,95,96,97,96,95,94,93,92,91,91,90,90,91,92,92,93,94,95,96,97,99,100,101,102,103,104,106,107,108,110,111,113,114,116,117,117,116,115,115,114,114,113,113,114,116,118,120,122,124,127,130,132,135,138,141,144,144,144,143,143,142,142,141,143,147,152,157,162,168,174,180,187,194,203,212,221,381,381,380,379,392,490,524,578,582,586,591,595,599,603,608,613,618,700,700,700,700,700,700,700,700,700,700,700
86,86,86,84,82,80,78,77,77,77,78,78,78,79,79,79,80,80,80,81,81,81,82,82,83,83,83,84,84,85,85,86,86,87,87,88,88,89,90,90,91,91,92,93,93,94,95,94,93,93,92,91,90,89,88,88,89,90,90,91,92,93,94,95,96,97,98,99,100,101,103,104,105,106,108,109,110,112,113,115,115,114,113,113,112,112,111,111,110,112,114,116,118,121,123,125,128,130,133,136,139,142,142,141,141,140,140,139,139,140,144,149,153,158,163,169,175,181,188,196,204,213,379,378,378,377,377,393,492,565,575,580,583,588,592,597,602,606,611,616,700,700,700,700,700,700,700,700,700,700
85,85,85,85,86,86,85,83,80,78,76,77,77,77,77,78,78,78,78,79,79,79,80,80,80,81,81,81,82,82,83,83,83,84,84,85,85,86,86,87,87,88,88,89,89,90,91,91,92,93,93,94,93,92,91,90,89,88,87,86,87,88,88,89,90,91,92,93,94,94,95,96,97,98,100,101,102,103,104,105,107,108,109,111,112,113,112,112,111,111,110,109,109,108,109,111,113,115,117,119,121,123,126,128,131,133,136,139,139,139,138,138,138,137,137,136,140,144,148,153,158,163,168,174,181,187,195,203,211,376,376,375,375,374,385,479,511,571,575,580,583,588,592,597,602,606,611,628,700,700
84,84,84,84,85,85,85,85,85,85,86,86,86,86,84,81,79,77,77,77,77,77,78,78,78,78,79,79,79,79,80,80,80,81,81,81,82,82,82,83,83,84,84,85,85,85,86,86,87,87,88,88,89,89,90,91,91,92,92,93,92,91,90,89,88,87,86,85,86,87,87,88,89,90,90,91,92,93,94,95,96,97,98,99,100,101,102,103,104,105,107,108,109,111,111,111,110,109,109,108,108,107,106,107,109,111,112,114,116,118,120,122,125,127,129,132,135,138,137,137,136,136,135,135,134,135,138,142,146,150,155,160,165,170,176,182,189,196,204,213,374,373,373,372,372,383,475,505,568,572
85,85,85,85,85,85,85,85,85,85,85,85,86,86,86,86,86,86,86,87,87,85,82,79,77,77,78,78,78,78,78,79,79,79,79,80,80,80,80,81,81,81,82,82,82,83,83,83,84,84,84,85,85,86,86,86,87,87,88,88,89,89,90,90,91,92,92,91,90,89,88,87,86,85,84,85,86,86,87,88,88,89,90,91,91,92,93,94,95,96,97,98,99,100,101,102,103,104,105,106,107,109,110,109,109,108,107,107,106,106,105,105,106,108,110,111,113,115,117,119,121,123,125,127,130,132,135,135,135,134,134,133,133,132,132,135,138,142,146,150,154,159,164,169,174,180,187,194,201,209
86,86,86,86,86,86,86,86,86,86,87,87,87,87,87,87,87,87,87,87,87,88,88,88,86,82,79,78,78,79,79,79,79,79,79,80,80,80,80,81,81,81,81,82,82,82,82,83,83,83,84,84,84,85,85,86,86,86,87,87,88,88,88,89,89,90,90,91,91,92,91,90,89,88,87,86,85,84,85,85,86,87,87,88,88,89,90,91,91,92,93,94,95,95,96,97,98,99,100,101,102,103,104,105,107,108,109,108,107,107,106,105,105,104,103,104,105,107,108,110,111,113,115,117,118,120,122,125,127,129,131,134,133,133,132,132,131,131,130,130,133,137,140,143,147,151,155,160,165,170
88,88,88,88,88,88,88,88,88,88,89,89,89,89,89,89,89,89,89,89,88,84,80,80,80,80,80,80,80,81,81,81,81,81,81,82,82,82,82,83,83,83,83,84,84,84,85,85,85,85,86,86,87,87,87,88,88,88,89,89,90,90,91,91,92,92,91,90,89,88,87,85,84,84,85,85,86,86,87,88,88,89,90,90,91,92,92,93,94,95,95,96,97,98,99,100,101,102,103,104,105,106,107,108,107,106,106,105,104,103,103,102,103,104,105,107,108,110,111,113,115,116,118,120,122,124,126,128,130,132,131,131,130,130,129,129,128,129,132,135,138,141,145,148,152,156,161,165,170,175
91,91,91,91,91,91,91,91,91,91,88,82,81,81,82,82,82,82,82,82,82,83,83,83,83,83,83,84,84,84,84,85,85,85,85,86,86,86,86,87,87,87,88,88,88,89,89,89,90,90,91,91,92,92,92,92,91,89,88,87,86,84,84,85,86,86,87,87,88,88,89,89,90,91,91,92,93,93,94,95,96,96,97,98,99,100,101,102,103,103,104,105,107,107,106,105,105,104,103,102,102,101,102,103,105,106,107,109,110,111,113,115,116,118,120,122,123,125,127,130,130,130,129,129,128,128,127,126,128,130,133,136,139,142,146,149,153,157,161,165,170,175,180,186,192,198,205,337,350,363
84,84,84,84,84,84,84,84,85,85,85,85,85,85,86,86,86,86,86,87,87,87,87,88,88,88,89,89,89,90,90,90,91,91,91,92,92,92,93,93,92,91,89,88,87,85,85,85,86,86,87,87,88,88,89,89,90,90,91,92,92,93,94,94,95,96,96,97,98,99,100,100,101,102,103,104,105,106,107,106,105,104,103,103,102,101,100,101,102,103,105,106,107,108,110,111,113,114,116,117,119,121,122,124,126,128,129,128,128,127,127,126,126,125,126,128,131,133,136,139,142,145,149,152,156,160,164,168,173,178,183,188,194,200,323,334,346,359,362,361,361,360,361,453,456,480,540,557,560,564
88,88,88,88,88,89,89,89,89,89,90,90,90,91,91,91,92,92,92,93,93,93,94,94,93,92,90,89,87,86,86,86,86,87,87,88,88,89,89,90,90,91,91,92,92,93,94,94,95,96,96,97,98,98,99,100,101,101,102,103,104,105,106,106,105,104,103,102,102,101,100,100,101,102,103,104,105,107,108,109,110,112,113,115,116,118,119,121,122,124,126,128,127,127,126,126,125,124,124,123,125,128,130,133,135,138,141,144,147,150,153,157,161,165,169,173,178,183,188,194,200,317,327,338,350,360,359,359,358,357,366,451,459,483,541,554,558,562,565,570,573,578,582,586,590,595,669,700,700,700
92,92,92,92,93,93,93,94,94,94,95,95,94,92,90,89,87,86,86,87,87,88,88,89,89,89,90,90,91,91,92,92,93,93,94,95,95,96,96,97,98,98,99,100,101,101,102,103,104,104,105,106,105,104,103,102,101,100,99,99,100,101,102,103,104,105,107,108,109,110,111,113,114,116,117,118,120,122,123,125,127,126,125,125,124,124,123,122,122,124,126,128,130,133,135,138,141,143,146,150,153,156,160,163,167,171,176,180,185,190,196,272,316,326,336,348,358,357,356,356,355,362,449,451,473,498,551,554,558,561,565,569,573,578,581,586,591,614,700,700,700,700,700,700,700,700,700,700,700,700
94,94,95,95,95,96,95,93,91,89,87,87,87,87,88,88,89,89,89,90,90,91,91,92,92,92,93,93,94,95,95,96,96,97,97,98,99,99,100,101,101,102,103,104,104,105,105,104,103,102,101,100,99,98,99,100,101,102,103,104,105,106,107,108,109,111,112,113,114,116,117,118,120,121,123,125,125,124,124,123,122,122,121,120,121,123,125,127,130,132,134,137,139,142,145,147,150,154,157,160,164,168,172,176,180,185,190,195,234,311,320,330,341,352,355,355,354,353,352,367,446,455,477,531,549,553,556,559,564,567,572,575,580,584,588,620,700,700,700,700,700,700,700,700,700,700,700,700,700,700
94,95,95,95,95,96,96,96,95,92,90,88,87,87,88,88,88,89,89,90,90,90,91,91,92,92,92,93,93,94,94,95,95,96,96,97,98,98,99,99,100,101,101,102,103,103,104,105,104,103,102,101,100,99,98,98,99,99,100,101,102,103,104,105,106,107,108,109,110,112,113,114,115,117,118,119,121,122,124,123,123,122,121,121,120,119,119,121,122,124,126,128,130,133,135,137,140,142,145,148,151,154,157,160,164,168,171,175,180,184,189,194,232,305,314,323,333,344,354,353,352,351,350,356,444,443,458,480,534,547,550,554,558,561,566,569,574,577,582,586,623,700,700,700,700,700,700,700,700,700
94,94,94,94,94,95,95,95,95,95,96,96,96,96,97,94,92,89,87,88,88,88,88,89,89,89,90,90,90,91,91,92,92,92,93,93,94,94,95,95,96,96,97,97,98,98,99,99,100,101,101,102,103,103,104,104,102,101,100,99,98,97,97,98,98,99,100,101,102,103,104,105,106,107,108,109,110,111,112,113,114,116,117,118,120,121,123,122,121,120,120,119,118,118,117,119,121,122,124,126,128,130,132,135,137,139,142,144,147,150,153,156,159,163,166,170,174,178,182,187,191,228,266,306,315,325,334,345,351,350,349,349,348,357,442,441,458,479,532,544,548,551,555,559,563,567,571,575,579,583
93,93,94,94,94,94,94,94,94,94,94,95,95,95,95,95,95,96,96,96,96,97,97,95,92,90,87,88,88,88,88,89,89,89,90,90,90,90,91,91,92,92,92,93,93,94,94,94,95,95,96,96,97,97,98,98,99,100,100,101,101,102,103,103,102,101,100,99,98,97,96,96,97,98,98,99,100,101,102,102,103,104,105,106,107,108,109,110,111,113,114,115,116,118,119,120,121,120,119,118,118,117,116,115,116,118,119,121,123,125,127,129,131,133,135,137,140,142,145,147,150,153,156,159,162,166,169,173,177,181,186,190,226,263,303,311,320,330,340,349,348,347,346,346,351,434,439,447,467,517
94,94,94,94,94,94,94,94,94,94,94,94,94,94,94,95,95,95,95,95,95,95,95,96,96,96,96,96,97,94,91,88,87,87,88,88,88,88,89,89,89,89,90,90,90,91,91,91,92,92,93,93,93,94,94,95,95,96,96,96,97,97,98,99,99,100,100,101,101,102,101,100,99,98,97,96,94,95,95,96,97,98,98,99,100,101,101,102,103,104,105,106,107,108,109,110,111,112,113,115,116,117,118,119,118,117,116,116,115,114,113,114,116,117,119,120,122,124,126,128,130,132,134,136,138,141,143,146,148,151,154,157,160,164,167,171,175,179,183,187,222,258,297,305,313,322,332,342,346,345
94,94,94,94,94,94,94,94,94,94,94,94,94,94,94,94,95,95,95,95,95,95,95,95,96,96,96,96,96,92,89,87,87,87,87,87,88,88,88,88,89,89,89,89,90,90,90,91,91,91,92,92,92,93,93,94,94,94,95,95,96,96,97,97,98,98,99,99,100,100,100,99,98,97,95,94,93,93,94,94,95,96,96,97,98,99,99,100,101,102,103,103,104,105,106,107,108,109,110,111,113,114,115,116,117,116,115,114,114,113,112,112,111,113,114,116,117,119,121,122,124,126,128,130,132,134,136,139,141,144,146,149,152,155,158,161,164,168,171,175,179,183,217,222,259,297,305,313,322,332
94,94,94,94,94,94,94,94,94,94,94,94,94,95,95,95,95,95,95,95,95,95,90,87,86,86,86,86,87,87,87,87,88,88,88,88,89,89,89,89,90,90,90,91,91,91,92,92,92,93,93,93,94,94,95,95,96,96,97,97,98,98,99,99,98,97,95,94,93,92,91,92,92,93,94,94,95,96,96,97,98,98,99,100,101,102,103,103,104,105,106,107,108,109,110,111,112,114,115,114,113,113,112,111,110,109,109,110,111,113,114,116,117,119,121,122,124,126,128,130,132,134,136,139,141,143,146,149,151,154,157,161,164,167,171,175,179,183,217,252,289,297,305,313,322,332,341,340,339,339
94,94,94,94,94,95,95,95,94,90,85,85,85,85,86,86,86,86,86,87,87,87,87,87,88,88,88,88,89,89,89,90,90,90,91,91,91,92,92,92,93,93,93,94,94,95,95,96,96,97,97,97,96,95,93,92,91,90,89,90,91,91,92,92,93,94,94,95,96,96,97,98,99,99,100,101,102,103,104,105,105,106,107,108,110,111,112,113,112,111,110,109,108,108,107,106,108,109,110,112,113,115,116,118,120,121,123,125,127,129,131,133,135,137,140,142,144,147,150,153,156,159,162,165,169,173,177,181,214,249,286,293,301,309,318,327,337,338,337,336,335,334,347,428,428,441,461,509,529,533
85,85,85,85,86,86,86,86,86,87,87,87,87,88,88,88,88,89,89,89,89,90,90,90,91,91,92,92,92,93,93,93,94,94,95,95,96,95,94,92,91,90,88,87,88,88,89,90,90,91,91,92,93,93,94,94,95,96,97,97,98,99,100,100,101,102,103,104,105,106,107,108,109,110,110,109,108,107,107,106,105,104,105,106,107,108,110,111,112,114,115,117,119,120,122,124,126,128,130,132,134,136,138,141,143,146,149,151,154,158,161,164,168,171,175,207,212,247,284,291,299,307,316,325,334,335,334,333,332,332,344,425,425,436,456,504,527,530,533,536,540,543,548,551,554,559,563,567,601,683
86,87,87,87,87,88,88,88,89,89,89,89,90,90,90,91,91,92,92,92,93,93,94,94,94,93,91,90,88,87,86,86,87,87,88,88,89,89,90,90,91,91,92,93,93,94,95,95,96,97,98,98,99,100,101,102,103,103,104,105,106,107,108,107,106,105,105,104,103,102,102,103,104,105,106,108,109,110,112,113,115,116,118,120,121,123,125,127,129,131,133,135,137,140,142,145,148,150,153,156,160,163,166,170,174,206,211,245,282,289,296,305,313,322,332,332,331,330,330,329,340,421,422,432,451,472,523,526,529,533,537,540,544,547,552,555,560,563,586,664,700,700,700,700,700,700,700,700,700,700
87,88,88,88,88,89,89,89,90,90,90,91,91,91,92,92,93,92,91,89,88,86,85,84,85,85,86,86,87,87,88,88,89,89,90,90,91,91,92,93,93,94,95,95,96,97,98,98,99,100,101,102,103,104,104,105,106,105,104,103,102,101,101,100,99,101,102,103,104,105,107,108,109,111,112,113,115,117,118,120,122,123,125,127,129,131,133,136,138,140,143,145,148,151,154,157,160,164,167,171,202,207,241,277,284,291,299,307,316,325,330,329,328,327,327,332,410,420,420,438,457,506,522,525,528,532,535,539,543,546,550,554,558,562,609,695,700,700,700,700,700,700,700,700,700,700,700,700,700,700
87,87,87,88,88,88,88,89,89,89,90,90,90,91,91,91,92,90,89,87,86,84,83,83,84,84,84,85,85,86,86,87,87,88,88,89,89,90,91,91,92,92,93,94,94,95,96,96,97,98,99,100,100,101,102,103,104,103,102,102,101,100,99,98,98,98,99,100,101,102,103,105,106,107,108,110,111,113,114,116,117,119,121,122,124,126,128,130,132,134,137,139,141,144,146,149,152,155,158,162,165,169,200,204,237,243,279,286,294,302,310,319,327,327,326,325,324,324,336,416,417,426,444,464,514,521,524,527,531,534,537,541,545,549,553,557,563,635,700,700,700,700,700,700,700,700,700,700,700,700
85,86,86,86,86,86,87,87,87,87,87,88,88,88,89,89,89,89,90,90,90,91,90,88,87,85,84,82,82,83,83,83,84,84,85,85,85,86,86,87,87,88,88,89,89,90,91,91,92,92,93,94,94,95,96,96,97,98,99,99,100,101,102,102,101,100,99,98,98,97,96,96,97,98,99,100,101,102,103,104,105,107,108,109,111,112,114,115,117,118,120,122,123,125,127,129,131,133,136,138,140,143,145,148,151,154,157,160,163,167,197,202,234,240,275,282,289,297,305,313,322,324,323,323,322,321,328,405,415,414,432,451,498,516,519,522,526,530,533,536,540,543,548,551,556,583,661,700,700,700
85,85,85,85,85,85,85,85,85,86,86,86,86,86,86,87,87,87,87,88,88,88,88,88,89,89,89,90,90,90,90,88,86,85,83,81,82,82,82,83,83,83,84,84,85,85,85,86,86,87,87,88,88,89,89,90,90,91,92,92,93,93,94,95,95,96,97,97,98,99,100,101,100,99,98,98,97,96,95,94,94,95,96,97,98,99,100,101,102,103,104,106,107,108,109,111,112,114,115,117,118,120,122,123,125,127,129,131,133,135,138,140,142,145,148,150,153,156,159,162,192,196,200,232,238,272,279,286,293,301,309,318,322,321,320,320,319,323,334,412,411,422,440,459,508,515,518,521,525,529
85,85,85,85,85,85,85,85,85,85,86,86,86,86,86,86,86,86,86,87,87,87,87,87,87,88,88,88,88,88,89,89,89,89,90,90,90,90,88,86,84,82,81,82,82,82,83,83,83,84,84,84,85,85,85,86,86,87,87,88,88,89,89,90,90,91,91,92,92,93,94,94,95,96,96,97,98,98,99,100,99,98,97,96,95,94,93,93,93,94,95,96,97,98,99,100,101,102,103,104,105,107,108,109,110,112,113,115,116,118,119,121,123,124,126,128,130,132,134,136,138,141,143,146,148,151,154,157,160,163,192,196,227,232,265,271,278,285,292,300,308,316,320,319,318,317,316,321,332,408
86,86,86,86,86,86,86,86,86,86,86,86,87,87,87,87,87,87,87,87,87,87,88,88,88,88,88,88,88,89,89,89,89,89,90,90,90,90,91,90,87,85,83,81,82,82,82,82,83,83,83,84,84,84,85,85,86,86,86,87,87,88,88,88,89,89,90,90,91,91,92,93,93,94,94,95,96,96,97,97,98,99,98,97,96,95,94,93,92,91,92,93,94,95,96,96,97,98,99,100,101,102,103,104,106,107,108,109,111,112,113,115,116,118,119,121,122,124,126,128,129,131,133,135,138,140,142,145,147,150,152,155,158,161,189,193,197,228,233,265,271,278,285,292,299,307,315,317,316,316
88,88,88,88,88,88,88,88,88,88,88,88,88,88,88,88,89,89,89,89,89,89,89,89,90,90,90,90,90,90,91,91,91,91,89,87,84,82,82,82,83,83,83,83,84,84,84,85,85,85,86,86,86,87,87,87,88,88,89,89,89,90,90,91,91,92,92,93,93,94,95,95,96,96,97,98,98,98,96,95,94,93,92,91,91,92,92,93,94,95,95,96,97,98,99,100,101,102,103,104,105,106,107,108,110,111,112,114,115,116,118,119,121,122,124,126,127,129,131,133,135,137,139,142,144,146,149,151,154,157,183,187,190,194,224,228,260,265,271,278,284,291,299,306,315,315,314,313,312,312
90,90,90,90,90,90,90,90,90,90,90,91,91,91,91,91,91,91,92,92,92,92,91,88,85,83,83,83,83,84,84,84,84,85,85,85,85,86,86,86,87,87,87,88,88,88,89,89,90,90,90,91,91,92,92,93,93,94,94,95,95,96,97,97,98,98,97,95,94,93,92,91,90,91,92,92,93,94,94,95,96,97,98,99,99,100,101,102,103,104,105,106,107,109,110,111,112,113,115,116,117,119,120,122,123,125,127,128,130,132,134,136,138,140,142,145,147,149,152,155,157,183,186,190,194,222,227,257,263,269,275,281,288,295,302,310,313,312,311,310,310,312,322,392,403,402,414,430,447,491
92,93,93,93,93,93,93,91,88,85,84,84,84,84,85,85,85,85,85,86,86,86,87,87,87,87,88,88,88,89,89,89,90,90,91,91,91,92,92,93,93,94,94,95,95,96,96,97,97,98,97,96,95,94,92,91,90,90,91,91,92,93,93,94,95,96,96,97,98,99,100,101,101,102,103,104,105,106,107,108,110,111,112,113,114,116,117,118,120,121,123,124,126,127,129,131,133,134,136,138,140,142,145,147,149,152,154,179,182,185,189,192,220,224,254,259,265,270,276,283,289,296,303,311,311,310,309,308,307,314,380,392,400,399,414,429,446,489,502,505,508,511,514,517,520,524,528,531,535,538
86,86,86,86,87,87,87,87,88,88,88,88,89,89,89,90,90,90,91,91,91,92,92,93,93,93,94,94,95,95,96,96,97,97,98,97,96,95,93,92,91,90,90,91,91,92,92,93,94,94,95,96,97,97,98,99,100,100,101,102,103,104,105,106,107,108,109,110,111,112,113,115,116,117,118,120,121,123,124,126,127,129,131,132,134,136,138,140,142,144,146,148,151,153,177,180,183,186,190,216,220,225,253,259,264,270,275,282,288,295,302,309,309,308,307,306,305,311,321,387,398,397,407,422,438,479,498,501,504,507,510,514,517,520,524,527,531,534,538,566,624,695,700,700,700,700,700,700,700,700
89,89,89,90,90,90,91,91,91,92,92,92,93,93,93,94,94,95,95,95,96,96,97,97,98,96,95,94,92,91,90,90,90,91,91,92,92,93,94,94,95,96,96,97,98,98,99,100,101,102,102,103,104,105,106,107,108,109,110,111,112,113,114,116,117,118,119,121,122,123,125,126,128,130,131,133,135,136,138,140,142,144,146,149,151,174,177,180,183,186,211,215,219,223,251,256,261,267,272,278,284,291,298,305,307,306,305,304,303,306,315,378,390,396,397,411,425,442,482,497,499,502,505,509,512,515,518,521,525,529,532,536,571,628,698,700,700,700,700,700,700,700,700,700,700,700,700,700,700,700
90,91,91,91,91,92,92,92,93,93,93,94,94,94,95,95,96,96,96,97,97,97,95,94,92,91,90,89,90,90,91,91,92,92,93,93,94,95,95,96,97,97,98,99,99,100,101,102,103,103,104,105,106,107,108,109,110,111,112,113,114,115,116,118,119,120,121,123,124,126,127,129,130,132,134,135,137,139,141,143,145,147,149,151,174,177,179,182,185,211,214,218,222,250,255,260,265,270,276,282,288,295,302,305,304,303,302,301,302,310,372,384,394,393,402,417,432,470,489,495,498,501,504,507,510,513,517,520,524,527,532,538,587,646,700,700,700,700,700,700,700,700,700,700,700,700,700,700,700,700
90,90,90,90,91,91,91,91,92,92,92,92,93,93,93,94,94,94,95,95,96,96,96,97,97,95,94,92,91,89,89,89,89,90,90,91,91,92,92,93,94,94,95,95,96,97,97,98,99,99,100,101,102,102,103,104,105,106,107,108,109,109,110,112,113,114,115,116,117,118,119,121,122,123,125,126,128,129,131,132,134,136,138,139,141,143,145,147,149,171,174,177,179,182,207,210,214,218,244,249,254,258,264,269,274,280,286,293,299,302,301,300,300,299,299,308,368,379,391,390,397,411,425,462,480,492,495,497,500,504,507,510,513,517,520,524,527,531,562,614,678,700,700,700,700,700,700,700,700,700
88,89,89,89,89,89,89,89,90,90,90,90,90,91,91,91,91,92,92,92,92,93,93,93,94,94,94,95,95,95,96,96,96,94,92,91,89,88,88,88,89,89,90,90,91,91,92,92,93,93,94,94,95,95,96,97,97,98,99,99,100,101,102,102,103,104,105,106,107,107,108,109,110,111,112,113,114,116,117,118,119,120,122,123,124,126,127,129,130,132,133,135,137,138,140,142,144,146,167,170,172,175,178,180,204,208,211,215,241,245,250,255,259,265,270,276,281,288,294,301,300,299,298,297,296,301,309,369,380,389,388,398,412,427,464,482,490,493,495,499,502,504,507,511,514,517,521,524,529,564
88,88,88,88,88,88,88,88,88,88,88,89,89,89,89,89,89,89,90,90,90,90,90,91,91,91,91,91,92,92,92,93,93,93,93,94,94,94,95,95,95,94,92,90,88,87,87,87,87,88,88,89,89,90,90,90,91,91,92,93,93,94,94,95,95,96,97,97,98,99,99,100,101,101,102,103,104,105,105,106,107,108,109,110,111,112,113,114,115,116,117,119,120,121,122,124,125,127,128,130,131,133,134,136,138,140,141,143,164,166,169,171,174,177,179,203,206,210,213,239,244,248,253,257,262,268,273,279,285,291,298,297,296,295,294,293,297,305,365,375,386,385,393,406,420,435,473,487,489,492
97,97,87,87,87,87,87,87,87,87,87,88,88,88,88,88,88,88,88,88,88,89,89,89,89,89,89,90,90,90,90,90,91,91,91,91,91,92,92,92,93,93,93,93,94,94,92,90,88,87,85,85,86,86,86,87,87,88,88,88,89,89,90,90,91,91,92,92,93,93,94,95,95,96,96,97,98,98,99,100,100,101,102,103,104,104,105,106,107,108,109,110,111,112,113,114,115,116,117,119,120,121,122,124,125,126,128,129,131,133,134,136,138,139,141,162,164,166,169,171,174,177,200,203,206,210,213,239,244,248,253,258,263,268,273,279,285,291,295,294,293,292,291,290,297,306,365,376,383,382
87,87,87,87,87,87,87,87,87,87,87,87,87,87,87,87,87,87,87,88,88,88,88,88,88,88,89,89,89,89,89,89,90,90,90,90,91,91,91,91,92,92,92,92,92,90,88,86,84,84,84,84,85,85,85,86,86,86,87,87,88,88,88,89,89,90,90,91,91,92,92,93,94,94,95,95,96,97,97,98,99,99,100,101,102,102,103,104,105,106,107,108,109,110,111,112,113,114,115,116,117,118,120,121,122,123,125,126,128,129,131,132,134,136,138,139,160,162,164,167,169,172,174,197,200,204,207,232,236,240,245,249,254,259,264,269,275,281,287,292,291,290,289,289,288,292,300,359,369,380
86,86,86,86,86,86,86,86,86,86,86,86,87,87,87,87,87,87,87,87,88,88,88,88,88,88,89,89,89,89,90,90,90,90,91,91,89,87,85,83,82,82,82,82,83,83,83,84,84,84,85,85,86,86,86,87,87,88,88,89,89,90,90,91,91,92,92,93,93,94,95,95,96,97,97,98,99,99,100,101,102,102,103,104,105,106,107,108,109,110,111,112,113,114,115,116,118,119,120,121,123,124,126,127,129,130,132,134,135,137,157,159,161,164,166,169,171,194,197,200,204,207,232,236,241,245,250,254,259,265,270,276,282,288,289,288,287,286,285,286,293,351,361,372,377,377,389,402,416,453
85,85,86,86,86,86,86,86,86,86,87,87,87,87,87,87,88,88,88,88,89,89,88,86,84,82,80,80,80,80,81,81,81,81,82,82,82,83,83,83,84,84,85,85,85,86,86,87,87,88,88,89,89,90,90,91,91,92,92,93,94,94,95,96,96,97,98,98,99,100,101,101,102,103,104,105,106,107,108,109,110,111,112,113,114,115,117,118,119,120,122,123,125,126,128,129,131,132,134,154,156,158,161,163,165,168,190,193,196,200,203,228,232,236,240,245,250,254,259,265,270,276,282,286,285,284,284,283,282,286,294,353,363,374,374,379,391,405,419,456,474,477,480,482,485,488,491,494,498,501
86,86,86,86,86,87,87,87,85,82,80,78,78,78,78,78,79,79,79,80,80,80,80,81,81,81,82,82,82,83,83,84,84,84,85,85,86,86,87,87,88,88,89,89,90,90,91,91,92,93,93,94,95,95,96,97,97,98,99,100,101,101,102,103,104,105,106,107,108,109,110,111,112,113,115,116,117,118,120,121,122,124,125,127,128,130,150,152,154,156,158,160,163,165,187,190,193,196,200,225,229,233,237,241,246,250,255,260,266,272,277,284,283,282,281,280,279,281,288,346,356,367,371,371,384,397,411,447,464,473,475,478,481,484,487,489,493,496,500,503,507,510,527,576,635,700,700,700,700,700
76,76,76,77,77,77,77,77,78,78,78,79,79,79,79,80,80,80,81,81,82,82,82,83,83,84,84,84,85,85,86,86,87,87,88,88,89,89,90,91,91,92,92,93,94,94,95,96,97,97,98,99,100,101,101,102,103,104,105,106,107,108,109,110,111,113,114,115,116,118,119,120,122,123,125,126,128,147,149,151,153,155,158,160,162,185,188,191,194,197,222,225,229,234,238,242,247,252,257,262,268,273,280,280,279,278,277,276,276,283,291,351,361,368,368,377,390,404,440,457,469,471,475,477,480,483,486,489,493,496,498,502,505,509,555,611,680,700,700,700,700,700,700,700,700,700,700,700,700,700
75,76,76,76,76,77,77,77,77,78,78,78,79,79,79,80,80,80,81,81,81,82,82,83,83,84,84,84,85,85,86,86,87,88,88,89,89,90,90,91,92,92,93,94,94,95,96,97,97,98,99,100,101,102,103,103,104,105,106,107,109,110,111,112,113,114,116,117,118,120,121,123,124,143,145,147,149,151,153,155,158,160,182,185,188,191,194,219,222,226,230,235,239,244,248,253,258,264,270,276,277,276,275,274,274,273,279,286,345,355,366,365,371,383,397,411,449,466,468,471,473,476,479,482,485,488,491,495,498,502,505,534,587,652,700,700,700,700,700,700,700,700,700,700,700,700,700,700,700,700
74,74,74,74,75,75,75,75,75,76,76,76,77,77,77,77,78,78,78,79,79,79,80,80,81,81,81,82,82,83,83,83,84,84,85,85,86,86,87,88,88,89,89,90,91,91,92,92,93,94,95,95,96,97,98,99,99,100,101,102,103,104,105,106,107,108,109,110,112,113,114,115,117,118,120,121,122,141,143,145,147,149,151,153,156,177,180,183,186,189,192,216,220,224,228,232,236,241,245,250,255,260,266,272,274,273,273,272,271,270,274,282,340,350,361,362,365,377,390,404,441,458,464,467,470,473,475,478,481,484,488,491,494,497,501,514,564,624,699,700,700,700,700,700,700,700,700,700,700,700
72,72,72,72,72,72,73,73,73,73,73,73,74,74,74,74,75,75,75,75,76,76,76,76,77,77,77,78,78,78,79,79,79,80,80,80,81,81,82,82,83,83,83,84,84,85,85,86,86,87,88,88,89,89,90,91,91,92,93,93,94,95,96,96,97,98,99,100,101,102,103,104,105,106,107,108,109,110,111,112,114,115,116,118,119,120,139,141,143,145,147,149,151,153,174,177,180,182,185,188,212,216,220,223,227,232,236,240,245,250,255,260,266,272,271,270,269,269,268,267,274,282,341,351,360,359,365,378,391,405,442,460,462,464,468,470,473,476,479,482,486,488,492,495,499,519,570,633,700,700
80,80,81,81,80,75,71,71,71,71,71,71,71,72,72,72,72,72,72,73,73,73,73,73,73,74,74,74,74,75,75,75,75,76,76,76,76,77,77,77,78,78,78,79,79,79,80,80,81,81,81,82,82,83,83,84,84,85,85,86,86,87,87,88,89,89,90,91,91,92,93,93,94,95,95,96,97,98,99,100,101,101,102,103,104,105,106,108,109,110,111,112,113,115,116,117,136,137,139,141,143,145,147,149,151,172,174,177,180,182,185,209,212,216,220,224,228,232,236,241,245,250,255,261,266,269,268,267,266,265,265,268,275,332,341,352,357,356,367,379,392,428,444,457,460,462,466,468,471,474
