76,76,76,76,76,76,76,76,77,77,77,77,77,77,78,78,78,78,78,79,79,79,79,80,80,80,81,81,81,81,82,82,82,83,83,84,84,84,85,85,85,86,86,87,87,88,88,89,89,90,90,91,91,92,93,93,94,94,95,96,96,97,98,99,99,100,101,102,103,103,104,105,106,107,108,109,110,111,112,113,115,116,117,118,120,137,139,140,142,144,145,147,149,151,153,173,176,178,181,183,186,189,212,215,219,222,226,230,234,238,242,247,252,257,262,267,271,270,269,268,267,266,268,275,282,338,348,357,358,361,373,385,398,432,448,459,461,464,466,470,472,475,478,481,484,488,490,494,497,527
76,77,77,77,77,77,78,78,78,78,78,79,79,79,79,79,80,80,80,81,81,81,81,82,82,82,83,83,84,84,84,85,85,86,86,86,87,87,88,88,89,89,90,90,91,91,92,93,93,94,94,95,96,96,97,98,99,99,100,101,102,103,103,104,105,106,107,108,109,110,111,112,113,115,116,117,134,135,137,139,140,142,143,145,147,149,151,171,173,175,178,180,183,186,208,212,215,218,222,226,229,233,238,242,246,251,256,261,267,267,266,265,264,263,262,267,274,328,337,346,355,354,360,371,383,396,430,446,455,458,461,463,466,468,472,474,477,481,484,487,490,494,521,568,624,692,700,700,700,700
77,77,77,77,77,77,78,78,78,78,79,79,79,79,80,80,80,80,81,81,81,82,82,82,83,83,83,84,84,84,85,85,86,86,87,87,87,88,88,89,89,90,91,91,92,92,93,93,94,95,95,96,97,98,98,99,100,101,101,102,103,104,105,106,107,108,109,110,111,112,113,114,131,132,134,135,137,138,140,141,143,145,147,148,168,170,173,175,177,180,182,205,208,211,214,218,221,225,229,233,237,241,246,251,255,261,264,263,262,261,260,259,260,267,273,327,336,345,351,350,359,370,382,395,429,445,452,455,457,460,462,466,468,471,474,477,480,483,486,490,518,564,620,688,700,700,700,700,700,700
75,75,75,76,76,76,76,76,76,77,77,77,77,77,78,78,78,78,79,79,79,79,80,80,80,81,81,81,82,82,82,83,83,83,84,84,85,85,86,86,86,87,87,88,88,89,89,90,91,91,92,92,93,94,94,95,96,96,97,98,99,99,100,101,102,103,104,104,105,106,107,108,109,111,127,128,129,131,132,134,135,137,138,140,141,143,145,164,166,169,171,173,176,178,200,203,206,209,212,216,219,223,227,231,235,239,243,248,253,258,260,259,258,257,256,255,257,263,270,324,332,342,347,347,355,366,377,390,424,439,448,451,453,455,459,461,464,466,470,472,476,479,483,485,505,550,604,670,700,700
73,73,73,73,73,73,73,73,73,74,74,74,74,74,74,75,75,75,75,75,76,76,76,76,76,77,77,77,77,78,78,78,79,79,79,80,80,80,81,81,81,82,82,82,83,83,84,84,85,85,86,86,87,87,88,88,89,89,90,91,91,92,92,93,94,94,95,96,97,97,98,99,100,101,102,102,103,104,105,106,107,123,125,126,127,129,130,131,133,134,136,138,139,141,160,162,164,166,169,171,173,195,198,201,204,207,210,213,217,221,224,228,232,237,241,246,251,256,256,255,254,253,252,251,255,261,267,322,330,339,343,342,352,364,375,388,423,438,445,447,449,452,454,458,460,463,466,469,472,475
70,70,70,70,70,70,70,70,70,70,70,71,71,71,71,71,71,71,71,72,72,72,72,72,72,73,73,73,73,74,74,74,74,74,75,75,75,76,76,76,76,77,77,77,78,78,78,79,79,80,80,80,81,81,82,82,82,83,83,84,84,85,85,86,87,87,88,88,89,90,90,91,92,92,93,94,95,95,96,97,98,99,99,100,101,102,103,119,120,122,123,124,126,127,128,130,131,133,134,136,155,157,159,161,163,165,168,170,192,195,197,200,204,207,210,214,217,221,225,229,233,238,242,247,252,251,250,249,248,248,247,251,257,310,319,327,336,339,339,349,361,373,386,421,436,440,443,446,448,451
67,67,67,67,67,67,67,67,67,67,67,67,67,67,68,68,68,68,68,68,68,69,69,69,69,69,69,70,70,70,70,70,71,71,71,71,72,72,72,72,73,73,73,73,74,74,74,75,75,75,76,76,77,77,77,78,78,79,79,80,80,81,81,82,82,83,83,84,84,85,85,86,87,87,88,89,89,90,91,92,92,93,94,95,96,97,97,98,114,115,117,118,119,120,122,123,124,126,127,129,130,149,151,153,155,157,159,161,164,166,188,191,193,196,200,203,206,210,213,217,221,225,229,234,238,243,247,246,245,245,244,243,242,246,252,306,315,324,333,334,335,346,357,370,383,419,435,437,439,441
63,63,63,63,63,64,64,64,64,64,64,64,64,64,65,65,65,65,65,65,65,66,66,66,66,66,67,67,67,67,67,68,68,68,68,69,69,69,69,70,70,70,71,71,71,72,72,72,73,73,74,74,74,75,75,76,76,77,77,78,78,79,79,80,80,81,81,82,82,83,84,84,85,86,86,87,88,89,90,90,91,92,93,109,110,111,112,113,114,116,117,118,120,121,122,124,125,144,146,148,150,152,154,156,158,161,183,186,188,191,194,198,201,204,208,212,216,220,224,228,233,238,243,242,241,240,239,238,238,240,246,253,309,318,328,330,330,341,352,365,378,414,430,432,435,437,440,443,445,448
60,60,60,60,61,61,61,61,61,61,61,61,62,62,62,62,62,62,63,63,63,63,63,64,64,64,64,65,65,65,65,66,66,66,67,67,67,67,68,68,68,69,69,70,70,70,71,71,72,72,72,73,73,74,74,75,75,76,76,77,78,78,79,79,80,81,81,82,83,83,84,85,86,87,87,103,104,105,106,107,108,110,111,112,113,115,116,117,119,120,139,141,143,145,147,149,151,153,155,178,180,183,186,189,192,196,199,203,206,210,214,218,223,227,232,237,237,236,235,235,234,233,233,239,246,304,313,322,325,325,335,347,359,373,410,426,428,430,433,436,438,441,444,447,450,453,456,460,462,466
57,57,58,58,58,58,58,58,58,59,59,59,59,59,59,60,60,60,60,61,61,61,61,61,62,62,62,63,63,63,63,64,64,64,65,65,65,66,66,66,67,67,68,68,68,69,69,70,70,71,71,72,72,73,73,74,74,75,76,76,77,77,78,79,79,80,81,82,82,98,99,100,101,102,103,104,105,107,108,109,110,112,113,114,116,135,137,139,141,143,145,147,149,151,174,176,179,182,185,188,192,195,199,202,206,210,215,219,224,228,233,232,231,231,230,229,229,229,235,242,301,310,320,321,322,333,345,358,395,411,422,425,427,430,433,435,438,441,443,447,450,453,457,459,463,514,587,684,700,700
55,55,55,55,55,55,55,56,56,56,56,56,56,57,57,57,57,57,58,58,58,58,58,59,59,59,59,60,60,60,61,61,61,61,62,62,62,63,63,63,64,64,65,65,65,66,66,67,67,68,68,69,69,70,70,71,71,72,72,73,73,74,75,75,76,77,77,78,94,95,96,97,98,99,100,101,102,103,104,105,107,108,109,111,112,131,133,135,137,139,141,143,145,147,170,172,175,178,181,184,187,191,194,198,202,206,210,214,219,224,229,228,227,226,226,225,224,224,229,236,296,305,315,316,317,328,340,353,391,407,418,420,423,425,429,431,433,437,439,443,446,449,452,455,459,508,586,691,700,700
52,52,53,53,53,53,53,53,53,53,53,54,54,54,54,54,54,55,55,55,55,55,55,56,56,56,56,56,57,57,57,57,58,58,58,58,59,59,59,60,60,60,61,61,61,62,62,62,63,63,64,64,64,65,65,66,66,67,67,68,68,69,69,70,70,71,71,72,73,73,74,89,90,91,92,93,94,95,96,97,98,99,100,101,102,103,105,106,107,126,128,129,131,133,135,137,139,141,143,165,168,171,173,176,179,183,186,189,193,196,200,204,209,213,218,222,224,223,223,222,221,221,220,222,228,235,296,306,313,312,317,329,341,355,394,411,415,417,420,423,425,428,431,434,436,440,443,446,450,452
51,51,51,51,51,51,52,52,52,52,52,52,52,52,52,52,53,53,53,53,53,53,53,53,54,54,54,54,54,55,55,55,55,55,56,56,56,56,56,57,57,57,57,58,58,58,59,59,59,60,60,60,61,61,61,62,62,62,63,63,64,64,64,65,65,66,66,67,67,68,68,69,69,70,71,71,86,87,88,88,89,90,91,92,93,94,95,96,97,98,99,100,101,102,104,122,124,125,127,128,130,132,134,136,138,159,162,164,167,170,173,175,178,182,185,188,192,196,199,203,208,212,217,221,220,219,219,218,217,217,216,221,227,287,295,305,309,308,316,328,341,354,393,410,412,414,417,419,422,425
51,51,51,51,51,51,52,52,52,52,52,52,52,52,52,52,52,52,53,53,53,53,53,53,53,53,54,54,54,54,54,54,54,55,55,55,55,55,56,56,56,56,57,57,57,57,57,58,58,58,59,59,59,59,60,60,60,61,61,61,62,62,63,63,63,64,64,65,65,66,66,67,67,68,68,69,69,83,84,85,85,86,87,88,88,89,90,91,92,93,94,95,96,97,98,99,100,101,119,120,122,123,125,127,128,130,132,134,136,157,159,161,164,167,169,172,175,178,181,184,187,191,195,198,202,207,211,215,217,216,216,215,214,214,213,213,219,225,284,292,302,305,305,313,324,336,349,387,404,407
53,53,53,53,53,53,53,53,53,53,53,53,53,53,53,54,54,54,54,54,54,54,54,54,55,55,55,55,55,55,55,56,56,56,56,56,57,57,57,57,57,58,58,58,58,59,59,59,60,60,60,60,61,61,61,62,62,62,63,63,63,64,64,65,65,65,66,66,67,67,81,81,82,83,83,84,84,85,86,87,87,88,89,90,90,91,92,93,94,95,96,97,98,99,116,117,119,120,122,123,124,126,128,129,131,133,153,155,157,160,162,165,167,170,172,175,178,181,184,188,191,195,199,202,206,211,214,214,213,212,212,211,210,210,213,218,224,282,290,299,302,301,310,320,332,345,381,397,404,406
55,55,55,55,55,55,55,55,55,55,55,56,56,56,56,56,56,56,56,57,57,57,57,57,57,58,58,58,58,58,59,59,59,59,59,60,60,60,60,61,61,61,62,62,62,62,63,63,63,64,64,64,65,65,66,66,66,67,80,80,81,81,82,82,83,84,84,85,85,86,87,88,88,89,90,91,91,92,93,94,95,96,97,98,114,115,116,118,119,120,121,123,124,126,127,129,131,150,152,154,156,158,161,163,165,168,170,173,176,179,182,185,188,191,195,198,202,206,210,211,211,210,209,208,208,207,207,212,217,271,279,287,295,299,298,305,315,326,338,373,387,399,401,404,406,409,412,414,417,419
57,57,58,58,58,58,58,58,58,58,59,59,59,59,59,59,60,60,60,60,60,60,61,61,61,61,62,62,62,62,63,63,63,63,64,64,64,65,65,65,66,66,66,79,79,80,80,81,81,82,82,83,83,84,84,85,85,86,87,87,88,89,89,90,91,92,92,93,94,95,96,111,112,113,114,116,117,118,119,120,122,123,125,126,127,129,148,149,151,153,155,157,159,162,164,166,169,171,174,177,179,182,185,189,192,195,199,203,206,209,208,207,207,206,205,205,204,207,212,217,269,276,284,292,296,295,301,311,321,332,344,379,393,398,400,402,405,407,409,412,415,418,420,423,426,429,432,435,451,506
60,60,60,60,60,60,61,61,61,61,61,61,62,62,62,62,62,63,63,63,63,64,64,64,64,65,65,65,66,66,66,78,78,79,79,80,80,80,81,81,82,82,83,83,84,84,85,85,86,87,87,88,88,89,90,90,91,92,93,93,94,95,110,111,112,113,114,115,116,117,118,119,121,122,123,125,126,127,145,147,149,151,152,154,156,158,161,163,165,167,170,172,175,177,180,183,186,189,192,196,199,203,207,206,205,204,204,203,202,201,202,207,212,217,268,275,282,290,293,292,298,307,317,327,339,372,386,394,396,398,401,403,405,408,410,413,416,419,421,424,427,430,434,470,526,598,692,700,700,700
61,61,61,61,62,62,62,62,62,62,63,63,63,63,63,63,64,64,64,64,65,65,65,65,66,77,77,78,78,78,79,79,79,80,80,81,81,82,82,82,83,83,84,84,85,85,86,87,87,88,88,89,90,90,91,92,92,93,94,108,109,110,111,112,113,114,115,116,117,118,119,120,122,123,124,125,143,144,146,148,149,151,153,155,157,159,161,163,165,167,170,172,175,177,180,183,186,189,192,195,199,202,204,203,202,201,200,199,199,198,201,206,210,259,265,272,279,286,290,289,294,302,312,322,333,364,377,390,392,394,396,399,401,404,406,408,411,413,416,419,422,425,428,439,486,544,618,700,700,700
61,61,61,61,61,61,62,62,62,62,62,62,62,63,63,63,63,63,63,64,64,64,64,64,65,76,76,76,77,77,77,77,78,78,78,79,79,80,80,80,81,81,82,82,82,83,83,84,84,85,85,86,86,87,88,88,89,89,90,91,91,105,106,107,108,108,109,110,111,112,113,114,115,116,117,118,120,121,122,123,140,142,143,145,146,148,150,151,153,155,157,159,161,163,165,168,170,173,175,178,180,183,186,189,192,195,199,201,200,199,198,197,196,196,195,197,201,206,210,258,265,271,278,285,286,286,293,302,311,321,331,363,376,386,388,391,393,395,398,400,402,405,407,410,412,416,418,421,425,433
60,60,60,60,60,60,60,60,61,61,61,61,61,61,61,61,61,62,62,62,62,62,62,63,63,63,63,74,74,74,75,75,75,75,76,76,76,77,77,77,78,78,78,79,79,79,80,80,80,81,81,82,82,83,83,84,84,85,85,86,86,87,87,88,89,89,103,103,104,105,106,107,107,108,109,110,111,112,113,114,115,116,117,118,119,136,137,138,140,141,143,145,146,148,150,151,153,155,157,159,161,163,166,168,170,173,175,178,181,183,186,189,192,196,197,196,195,194,194,193,192,191,193,197,202,206,253,259,266,272,279,283,282,286,294,303,313,323,353,365,378,384,385,388,390,392,395,397,399,402
59,59,59,59,59,59,59,59,59,59,59,59,59,59,60,60,60,60,60,60,60,60,60,61,61,61,72,72,72,72,72,73,73,73,73,74,74,74,74,75,75,75,75,76,76,76,77,77,77,78,78,79,79,79,80,80,81,81,82,82,83,83,84,84,85,85,86,99,99,100,101,102,102,103,104,105,106,106,107,108,109,110,111,112,113,114,115,116,132,133,135,136,138,139,141,142,144,145,147,149,151,152,154,156,158,160,163,165,167,170,172,175,177,180,183,186,189,192,193,192,191,191,190,189,188,188,189,193,197,202,248,254,260,266,273,279,279,279,288,296,305,315,325,356,369,378,381,383,385,388
57,57,57,57,57,57,57,57,57,57,57,58,58,58,58,58,58,58,69,69,69,69,69,69,70,70,70,70,70,71,71,71,71,71,72,72,72,72,73,73,73,74,74,74,75,75,75,76,76,76,77,77,78,78,78,79,79,80,80,81,81,82,82,95,96,96,97,98,98,99,100,101,101,102,103,104,105,105,106,107,108,109,110,111,112,113,129,130,132,133,134,136,137,139,140,142,144,145,147,149,151,153,155,157,159,161,163,165,168,170,173,176,178,181,184,187,189,188,187,187,186,185,184,184,183,187,191,195,241,247,253,259,266,273,275,274,279,287,296,305,315,346,358,371,376,377,380,382,384,387
55,55,55,55,55,66,66,66,66,66,66,66,66,67,67,67,67,67,67,68,68,68,68,68,69,69,69,69,70,70,70,70,71,71,71,71,72,72,72,73,73,73,74,74,75,75,75,76,76,77,77,77,78,78,91,92,92,93,93,94,95,95,96,97,97,98,99,100,100,101,102,103,104,105,106,107,108,109,124,126,127,128,129,131,132,133,135,136,138,140,141,143,145,146,148,150,152,154,156,158,161,163,165,168,170,173,176,179,182,185,184,184,183,182,181,181,180,179,180,184,188,193,239,245,251,257,264,271,270,270,277,286,295,304,314,346,358,370,372,374,376,379,381,384,386,388,391,394,396,399
64,64,64,64,64,64,64,65,65,65,65,65,65,66,66,66,66,66,67,67,67,67,68,68,68,68,69,69,69,70,70,70,70,71,71,71,72,72,73,73,73,74,74,87,87,88,88,89,89,90,90,91,92,92,93,94,94,95,96,96,97,98,99,100,100,101,102,103,104,119,121,122,123,124,125,127,128,129,131,132,134,135,137,138,140,142,144,145,147,149,151,153,156,158,160,162,165,167,170,173,176,179,181,180,179,178,178,177,176,175,175,177,181,185,189,236,242,248,254,261,267,266,266,274,283,292,301,312,343,356,366,368,371,372,375,377,379,382,384,387,390,392,395,397,400,403,406,430,486,558
62,62,63,63,63,63,63,63,64,64,64,64,64,64,65,65,65,65,66,66,66,66,67,67,67,67,68,68,68,69,69,69,70,70,70,71,83,83,84,84,85,85,86,86,87,87,88,89,89,90,90,91,92,92,93,94,95,95,96,97,98,99,99,100,116,117,118,119,120,121,122,124,125,126,128,129,130,132,133,135,137,138,140,142,144,145,147,149,151,154,156,158,161,163,166,168,171,174,177,176,175,174,174,173,172,172,171,171,175,178,183,229,235,241,247,253,260,262,262,265,273,282,291,301,312,344,357,363,365,368,369,371,374,376,379,381,384,386,389,392,394,397,400,403,441,503,587,700,700,700
61,61,61,61,61,62,62,62,62,62,62,63,63,63,63,63,63,64,64,64,64,65,65,65,65,66,66,66,66,67,67,67,68,68,68,80,81,81,81,82,82,83,83,84,84,85,85,86,86,87,88,88,89,89,90,91,91,92,93,94,94,95,96,97,112,113,114,115,116,117,118,119,120,121,123,124,125,127,128,129,131,132,134,136,137,139,141,143,145,147,149,151,153,155,157,160,162,165,168,170,173,172,171,171,170,169,168,168,167,167,170,174,178,182,229,235,241,247,253,259,258,258,266,274,283,292,302,334,346,358,360,362,364,367,368,371,373,376,378,381,383,386,389,391,394,397,402,456,527,623
60,60,60,60,60,61,61,61,61,61,61,61,61,62,62,62,62,62,62,63,63,63,63,63,64,64,64,64,64,65,65,65,65,66,66,66,78,78,79,79,79,80,80,80,81,81,82,82,83,83,84,84,85,85,86,86,87,87,88,89,89,90,91,91,92,93,93,94,109,109,110,111,112,113,114,115,117,118,119,120,121,122,124,125,126,128,129,131,132,134,135,137,139,141,142,144,146,148,150,152,155,157,159,162,164,167,170,169,168,167,167,166,165,164,164,163,166,170,173,177,223,229,234,240,246,253,255,254,257,265,273,282,291,301,333,345,355,357,359,361,363,366,367,370,372,375,377,380,382,385
61,61,61,61,61,61,61,61,61,61,61,61,61,62,62,62,62,62,62,62,62,63,63,63,63,63,63,64,64,64,64,64,65,65,65,65,66,77,77,77,78,78,78,79,79,79,80,80,81,81,81,82,82,83,83,84,84,85,85,86,86,87,87,88,88,89,90,90,91,92,92,93,107,108,109,110,110,111,112,113,114,115,116,117,119,120,121,122,123,125,126,127,129,130,132,133,135,136,138,140,142,143,145,147,149,151,154,156,158,160,163,166,166,166,165,164,163,163,162,161,161,161,164,167,171,175,219,224,230,235,241,247,252,251,251,258,266,274,283,292,322,333,345,352,354,356,358,360,362,364
62,62,62,62,62,62,63,63,63,63,63,63,63,63,63,63,63,64,64,64,64,64,64,64,65,65,65,65,65,65,66,66,66,77,77,77,78,78,78,78,79,79,79,80,80,80,81,81,81,82,82,83,83,83,84,84,85,85,86,86,87,87,88,88,89,90,90,91,91,92,105,106,107,108,109,109,110,111,112,113,114,115,116,117,118,119,120,121,122,124,125,126,128,129,130,132,133,135,136,138,139,141,143,145,147,149,151,153,155,157,159,162,164,164,163,162,161,161,160,159,158,158,159,162,165,169,172,215,219,224,229,235,240,246,249,248,250,257,264,272,281,289,318,329,341,349,350,353,354,356
65,65,65,65,65,65,65,65,65,66,66,66,66,66,66,66,66,67,67,67,67,67,67,78,78,78,79,79,79,79,80,80,80,80,81,81,81,82,82,82,83,83,83,84,84,84,85,85,86,86,86,87,87,88,88,89,89,90,90,91,92,104,105,106,107,107,108,109,110,110,111,112,113,114,115,116,117,118,119,120,121,122,123,124,125,126,128,129,130,132,133,134,136,137,139,141,142,144,146,148,150,151,153,156,158,160,162,162,161,160,159,158,158,157,156,156,157,159,162,165,169,209,213,217,222,227,232,237,243,246,246,246,252,259,267,274,282,291,319,330,341,346,348,349,352,354,356,358,360,362
68,68,68,69,69,69,69,69,79,80,80,80,80,80,81,81,81,81,81,82,82,82,82,83,83,83,84,84,84,84,85,85,85,86,86,87,87,87,88,88,89,89,89,90,90,91,91,92,104,105,106,106,107,108,108,109,110,110,111,112,113,114,114,115,116,117,118,119,120,121,122,123,124,125,126,127,129,130,131,132,134,135,137,138,140,141,143,144,146,148,150,151,153,155,157,159,161,160,159,158,157,156,156,155,154,153,156,158,161,164,167,205,209,213,217,222,226,231,236,242,244,243,245,251,257,264,271,279,287,314,323,334,342,344,346,348,349,352,353,356,358,360,362,365,367,370,372,374,376,379
82,82,83,83,83,83,83,83,84,84,84,84,85,85,85,85,86,86,86,87,87,87,88,88,88,89,89,89,90,90,90,91,91,92,92,104,105,105,106,106,107,108,108,109,110,110,111,112,112,113,114,115,115,116,117,118,119,120,121,122,123,124,125,126,127,128,129,130,131,133,134,135,137,138,139,141,142,144,146,147,149,151,152,154,156,158,159,158,157,156,155,154,154,153,152,152,154,157,159,162,164,201,204,208,212,216,220,224,229,234,239,241,241,241,247,253,259,266,273,280,288,314,324,334,340,341,344,345,347,349,351,352,355,357,359,361,364,366,369,370,373,376,378,410,450,498,558,634,700,700
85,85,85,86,86,86,86,86,87,87,87,87,88,88,88,89,89,89,90,90,90,91,91,91,92,92,92,93,105,105,106,106,107,107,108,108,109,109,110,111,111,112,113,113,114,115,116,116,117,118,119,120,120,121,122,123,124,125,126,127,128,129,131,132,133,134,135,137,138,139,141,142,144,145,147,148,150,152,153,155,157,157,156,155,154,153,152,152,151,150,150,153,155,157,160,162,197,200,203,207,211,214,218,223,227,232,236,239,238,238,244,249,255,262,268,275,283,307,316,325,335,338,339,341,343,344,346,349,350,353,354,356,359,361,363,365,368,371,373,377,408,445,490,544,611,698,700,700,700,700
86,86,86,87,87,87,87,87,88,88,88,88,88,89,89,89,90,90,90,90,91,91,91,92,92,92,104,104,105,105,106,106,107,107,108,108,109,109,110,110,111,112,112,113,113,114,115,116,116,117,118,119,119,120,121,122,123,124,125,126,127,128,129,130,131,132,133,134,135,137,138,139,141,142,143,145,146,148,150,151,153,155,155,154,153,152,151,150,150,149,148,147,150,152,154,156,158,161,194,197,201,204,208,211,215,219,223,227,232,236,236,235,238,244,249,255,261,268,274,282,305,314,323,332,335,336,338,340,341,343,345,347,349,351,353,355,357,360,362,364,366,369,371,397,430,469,517,575,648,700
86,86,86,86,86,86,87,87,87,87,87,87,88,88,88,88,88,89,89,89,89,90,90,90,90,91,91,91,92,92,103,104,104,104,105,105,106,106,107,107,108,108,109,109,110,110,111,111,112,113,113,114,115,115,116,117,118,118,119,120,121,122,122,123,124,125,126,127,128,129,130,131,132,133,135,136,137,138,140,141,142,144,145,147,148,150,151,153,152,151,150,149,148,147,146,146,145,146,148,150,152,154,156,159,191,194,197,200,204,207,211,214,218,222,227,231,233,232,232,237,243,248,254,260,266,273,280,303,311,320,329,331,333,334,336,337,340,341,344,345,347,349,351,354,356,358,360,363,365,367
85,85,85,85,85,85,86,86,86,86,86,86,86,86,87,87,87,87,87,87,88,88,88,88,89,89,89,89,90,90,90,90,101,102,102,102,103,103,104,104,104,105,105,106,106,107,107,108,108,109,109,110,110,111,111,112,113,113,114,115,115,116,117,118,118,119,120,121,122,122,123,124,125,126,127,128,129,130,131,132,134,135,136,137,138,140,141,143,144,145,147,148,150,149,148,147,146,145,144,143,142,142,142,144,146,148,150,152,154,186,189,192,195,198,201,204,208,212,215,219,223,228,229,229,229,234,239,244,250,255,261,268,275,297,305,314,323,327,328,330,332,333,335,337,339,340,343,344,347,349
84,84,84,84,84,84,84,84,85,85,85,85,85,85,85,85,86,86,86,86,86,86,87,87,87,87,88,88,88,88,99,99,100,100,100,101,101,101,102,102,103,103,103,104,104,105,105,106,106,107,107,108,108,109,109,110,110,111,112,112,113,114,114,115,116,117,117,118,119,120,121,121,122,123,124,125,126,127,128,129,130,131,133,134,135,136,138,139,140,142,143,144,146,146,145,144,143,142,141,140,139,138,138,139,141,143,145,147,149,151,182,185,188,191,194,197,200,204,207,211,215,219,223,226,225,224,228,233,238,244,249,255,261,268,290,298,306,314,323,324,325,327,329,330,332,334,336,337,340,341
83,83,83,83,83,83,83,83,83,84,84,84,84,84,84,84,85,85,85,85,85,96,96,97,97,97,97,98,98,98,99,99,99,100,100,101,101,101,102,102,103,103,103,104,104,105,105,106,107,107,108,108,109,109,110,111,111,112,113,113,114,115,116,116,117,118,119,120,121,122,122,123,124,125,126,127,129,130,131,132,133,134,136,137,138,140,141,143,142,141,140,139,138,137,136,135,134,134,136,137,139,141,143,145,147,178,181,183,186,189,192,195,198,202,205,209,213,217,221,221,220,222,226,231,236,242,247,253,259,266,288,296,304,313,319,321,322,323,325,327,328,330,332,334,336,338,340,342,344,346
81,82,82,82,82,82,82,82,83,93,93,94,94,94,94,95,95,95,95,96,96,96,97,97,97,98,98,98,99,99,99,100,100,101,101,102,102,103,103,104,104,105,105,106,106,107,108,108,109,109,110,111,112,112,113,114,115,115,116,117,118,119,120,121,122,122,124,125,126,127,128,129,130,131,133,134,135,136,138,138,137,136,135,134,133,132,132,131,130,130,132,133,135,137,139,141,143,174,176,179,181,184,187,190,193,197,200,204,207,211,215,218,217,216,220,225,230,235,240,246,252,258,280,288,296,304,313,315,317,318,320,322,323,325,327,329,331,333,335,336,339,341,343,345,347,350,353,373,406,445
91,91,91,91,92,92,92,92,92,93,93,93,94,94,94,94,95,95,95,96,96,96,97,97,98,98,98,99,99,100,100,101,101,102,102,103,103,104,104,105,106,106,107,107,108,109,109,110,111,112,112,113,114,115,116,117,117,118,119,120,121,122,123,124,125,127,128,129,130,131,133,134,134,133,132,131,130,129,129,128,127,126,126,127,129,131,132,134,136,138,140,171,173,176,178,181,184,187,190,193,197,200,204,208,212,213,212,212,216,221,226,231,236,242,248,254,276,284,291,300,308,311,313,314,316,317,319,321,322,325,326,329,330,333,334,337,338,341,343,345,348,362,395,433,480,538,612,700,700,700
90,90,90,90,90,91,91,91,91,92,92,92,92,93,93,93,94,94,94,95,95,95,96,96,96,97,97,98,98,99,99,100,100,101,101,102,102,103,103,104,104,105,106,106,107,108,108,109,110,111,111,112,113,114,115,116,116,117,118,119,120,121,122,123,125,126,127,128,129,130,131,130,129,128,127,126,125,124,123,122,122,123,125,126,128,130,131,133,135,165,168,170,173,175,178,181,184,187,190,193,197,200,204,208,209,209,208,212,217,221,226,232,237,243,249,255,278,286,294,302,307,308,310,311,313,315,316,318,320,321,324,325,328,329,332,334,336,338,340,343,345,375,411,454,508,577,666,700,700,700
88,88,88,89,89,89,89,89,90,90,90,90,90,91,91,91,91,92,92,92,93,93,93,94,94,94,95,95,95,96,96,97,97,98,98,98,99,99,100,100,101,101,102,103,103,104,104,105,106,106,107,108,108,109,110,111,111,112,113,114,115,116,117,117,118,119,120,121,123,124,125,126,127,128,127,126,125,124,123,122,121,120,119,119,119,121,122,124,125,127,128,130,132,162,164,166,169,171,174,177,179,182,185,189,192,195,199,202,206,205,205,206,210,215,220,225,230,235,241,247,253,276,283,291,300,303,305,306,308,310,311,312,315,316,318,320,322,324,326,328,330,332,334,337,338,341,367,402,444,497
88,88,88,88,88,88,88,88,89,89,89,89,89,89,90,90,90,90,90,91,91,91,91,92,92,92,93,93,93,93,94,94,94,95,95,96,96,96,97,97,98,98,98,99,99,100,100,101,101,102,103,103,104,104,105,106,106,107,108,108,109,110,110,111,112,113,114,115,115,116,117,118,119,120,121,122,123,124,125,124,123,122,121,120,120,119,118,117,116,116,117,119,120,122,123,125,126,128,129,158,161,163,165,168,170,173,175,178,181,184,187,190,193,197,200,203,202,201,204,208,212,217,222,227,232,237,243,249,271,278,286,294,299,301,303,304,305,307,309,310,312,313,316,317,319,321,323,325,327,330
88,89,89,89,89,89,89,89,89,89,89,89,90,90,90,90,90,90,91,91,91,91,91,92,92,92,92,93,93,93,93,94,94,94,95,95,95,96,96,96,97,97,97,98,98,99,99,100,100,101,101,102,102,103,103,104,104,105,105,106,107,107,108,109,109,110,111,112,112,113,114,115,116,116,117,118,119,120,121,122,123,123,122,121,120,119,118,117,116,115,114,114,115,116,117,119,120,121,123,124,126,127,155,157,159,161,164,166,168,171,173,176,179,181,184,187,190,194,197,200,199,198,200,204,208,212,217,222,226,232,237,243,264,270,277,285,293,297,298,299,301,302,304,306,307,309,310,312,314,316
90,91,91,91,91,91,91,91,91,91,91,92,92,92,92,92,92,92,93,93,93,93,93,94,94,94,94,95,95,95,96,96,96,96,97,97,97,98,98,99,99,99,100,100,101,101,101,102,102,103,103,104,104,105,105,106,107,107,108,108,109,110,110,111,112,113,113,114,115,116,117,117,118,119,120,121,122,122,121,120,119,118,117,116,115,114,113,112,113,114,115,117,118,119,120,122,123,125,151,153,155,157,159,161,163,165,167,170,172,175,177,180,183,185,188,191,195,198,197,196,197,201,205,209,213,217,222,227,232,237,242,263,269,276,283,291,294,295,296,298,299,301,303,304,305,307,309,311,312,315
93,94,94,94,94,94,94,94,94,95,95,95,95,95,96,96,96,96,96,97,97,97,97,98,98,98,99,99,99,100,100,100,101,101,101,102,102,103,103,104,104,105,105,106,106,107,107,108,108,109,109,110,111,111,112,113,113,114,115,115,116,117,118,119,119,120,121,122,121,120,118,117,116,115,114,113,112,111,112,113,114,115,117,118,119,120,121,123,124,149,151,153,155,156,158,160,162,164,167,169,171,173,176,178,181,184,187,189,192,196,195,194,195,198,202,205,209,213,218,222,227,231,237,256,261,268,274,281,288,291,292,293,295,296,298,299,301,302,304,305,308,309,311,312,315,316,319,320,322,324
97,97,97,98,98,98,98,98,99,99,99,99,100,100,100,100,101,101,101,102,102,102,103,103,103,104,104,105,105,106,106,106,107,107,108,108,109,109,110,111,111,112,112,113,114,114,115,116,116,117,118,119,119,120,121,122,120,119,118,117,115,114,113,112,111,111,112,113,114,115,116,117,118,119,120,121,123,147,148,150,152,153,155,157,159,161,162,164,167,169,171,173,175,178,180,183,186,188,191,194,193,192,193,196,200,203,207,211,215,219,223,228,232,237,256,262,268,274,281,288,289,290,291,293,294,295,297,298,299,301,303,305,306,308,310,311,313,315,317,319,321,323,335,358,384,414,450,492,543,605
100,101,101,101,101,102,102,102,102,103,103,103,104,104,104,105,105,105,106,106,106,107,107,108,108,109,109,110,110,111,111,112,112,113,113,114,115,115,116,116,117,118,119,119,120,121,121,120,118,117,116,114,113,112,111,110,111,111,112,113,114,115,116,117,118,119,120,122,145,146,148,149,151,152,154,156,157,159,161,163,165,167,169,171,173,175,178,180,183,185,188,191,191,190,189,192,195,199,202,205,209,213,217,221,225,230,234,252,257,263,269,275,282,286,287,288,289,291,292,293,295,296,297,299,300,302,304,305,307,308,311,312,314,316,318,320,334,356,380,408,441,479,525,580,648,700,700,700,700,700
102,102,102,103,103,103,103,104,104,104,105,105,105,105,106,106,107,107,107,108,108,108,109,109,110,110,111,111,112,112,113,113,114,114,115,116,116,117,117,118,119,119,120,120,119,117,116,114,113,112,110,109,109,110,111,111,112,113,114,115,116,117,118,119,120,142,144,145,146,148,149,151,152,154,155,157,159,161,162,164,166,168,170,172,175,177,179,182,184,187,189,188,187,188,191,194,197,200,203,207,210,214,218,222,226,231,248,253,258,264,269,276,282,283,284,285,286,287,289,290,292,293,295,296,298,299,300,302,304,306,307,309,311,313,315,317,332,352,375,402,432,468,509,559,620,696,700,700,700,700
102,102,102,102,102,103,103,103,103,103,104,104,104,104,105,105,105,106,106,106,107,107,107,108,108,108,109,109,110,110,111,111,112,112,112,113,114,114,115,115,116,116,117,118,118,119,118,117,115,114,112,111,110,108,107,108,108,109,110,111,111,112,113,114,115,116,117,118,140,141,142,143,145,146,147,149,150,152,153,155,157,158,160,162,164,165,167,169,171,173,176,178,180,183,185,186,185,184,186,189,192,195,198,201,205,208,212,215,219,223,228,244,249,254,260,265,271,277,279,281,282,283,284,286,287,288,289,291,292,294,295,296,298,300,302,303,305,307,309,310,312,317,335,355,378,405,435,470,512,562
101,101,101,101,101,101,101,101,102,102,102,102,102,102,103,103,103,103,104,104,104,104,105,105,105,105,106,106,106,107,107,108,108,108,109,109,110,110,110,111,111,112,112,113,113,114,114,115,116,116,117,116,114,113,111,110,108,107,105,105,105,106,107,107,108,109,110,111,111,112,113,114,115,136,137,138,140,141,142,143,145,146,147,149,150,152,153,155,157,158,160,162,164,165,167,169,171,174,176,178,180,183,183,182,181,184,186,189,192,195,198,202,205,208,212,216,220,224,240,245,250,255,260,266,272,275,276,277,279,280,281,283,284,285,286,288,289,291,292,293,295,297,299,300,302,304,306,307,309,320
99,99,99,99,99,99,99,100,100,100,100,100,100,100,101,101,101,101,101,101,102,102,102,102,103,103,103,103,104,104,104,105,105,105,106,106,106,107,107,108,108,108,109,109,110,110,111,111,112,112,113,113,114,113,111,110,108,107,105,104,102,102,102,103,103,104,105,105,106,107,108,108,109,110,111,112,133,134,135,136,137,138,140,141,142,143,145,146,148,149,151,152,154,155,157,159,161,162,164,166,168,170,172,175,177,179,179,178,177,180,182,185,188,191,194,197,200,204,207,211,215,219,223,239,244,249,254,259,265,271,272,273,274,275,277,278,279,281,282,283,285,286,287,289,290,292,293,295,297,299
97,97,97,97,97,97,98,98,98,98,98,98,98,98,99,99,99,99,99,100,100,100,100,101,101,101,101,102,102,102,103,103,103,104,104,104,105,105,105,106,106,107,107,108,108,109,109,110,110,110,108,107,105,103,102,100,99,98,98,99,99,100,101,101,102,103,103,104,105,105,106,107,108,128,129,130,132,133,134,135,136,137,138,140,141,142,144,145,147,148,150,151,153,154,156,158,160,162,164,166,168,170,172,174,175,174,173,174,177,180,182,185,188,191,194,197,201,204,208,212,216,232,236,241,246,251,256,262,267,268,269,270,271,272,274,275,276,278,279,281,282,283,285,286,288,289,291,292,295,296
95,95,95,95,95,96,96,96,96,96,96,97,97,97,97,98,98,98,98,99,99,99,99,100,100,100,101,101,101,102,102,102,103,103,104,104,105,105,105,106,106,105,103,101,100,98,97,95,94,94,94,95,95,96,96,97,98,98,99,100,100,101,102,102,103,124,125,126,127,128,129,130,131,132,133,134,135,137,138,139,141,142,143,145,146,148,150,151,153,155,157,158,160,162,164,166,169,171,170,169,169,171,173,176,179,181,184,187,190,194,197,200,204,208,212,228,232,237,242,247,253,258,263,264,265,266,267,268,269,271,272,273,275,276,278,279,281,282,283,285,286,288,290,292,294,295,297,306,326,348
93,93,94,94,94,94,94,95,95,95,95,96,96,96,96,97,97,97,98,98,98,99,99,99,100,100,101,101,101,102,102,101,99,97,96,94,93,91,90,89,90,90,91,91,92,92,93,94,94,95,95,96,97,97,98,99,99,120,121,122,123,123,124,126,127,128,129,130,131,132,133,135,136,137,139,140,142,143,145,146,148,150,151,153,155,157,159,161,163,165,166,165,164,165,167,170,172,175,178,180,183,187,190,193,196,200,204,208,224,228,233,238,243,249,254,258,259,261,262,262,264,265,266,268,269,270,272,273,274,276,277,279,281,282,284,285,287,289,291,293,298,318,341,367,398,434,477,530,596,681
91,92,92,92,92,92,93,93,93,93,94,94,94,95,95,95,96,96,96,97,97,97,98,98,98,96,94,93,91,90,88,87,85,85,86,86,87,87,88,88,89,89,90,90,91,92,92,93,93,94,95,115,116,116,117,118,119,120,121,122,123,124,125,126,127,129,130,131,132,134,135,136,138,139,141,142,144,145,147,149,151,152,154,156,158,160,161,160,160,160,162,165,167,170,172,175,178,181,184,187,191,194,198,201,205,222,226,231,236,241,247,253,255,256,257,257,259,260,262,263,263,265,266,268,269,271,272,274,275,277,278,280,281,284,285,287,289,298,319,343,372,405,446,495,556,635,700,700,700,700
89,89,89,90,90,90,90,90,91,91,91,91,92,92,92,92,93,93,93,94,94,94,95,95,93,91,89,88,86,85,83,82,82,82,83,83,84,84,84,85,85,86,86,87,87,88,88,89,90,90,91,110,111,112,113,114,115,115,116,117,118,119,120,121,122,123,124,126,127,128,129,130,132,133,134,136,137,139,140,142,144,145,147,149,151,152,154,156,157,156,155,156,158,160,163,165,168,170,173,176,179,182,186,189,192,196,200,216,221,225,230,235,241,246,250,251,252,253,254,255,257,258,259,260,261,263,264,266,267,269,270,272,273,275,277,278,280,281,284,286,299,322,348,379,416,461,517,589,683,700
87,87,87,87,87,87,88,88,88,88,88,89,89,89,89,89,90,90,90,90,91,91,91,92,92,92,92,91,89,87,86,84,82,81,79,79,79,80,80,81,81,81,82,82,83,83,83,84,84,85,85,86,86,87,88,107,108,108,109,110,111,111,112,113,114,115,116,117,118,119,120,121,122,123,124,125,126,127,129,130,131,133,134,135,137,138,140,142,143,145,147,149,150,152,154,153,152,151,154,156,158,161,163,166,168,171,174,177,180,183,186,190,193,197,214,218,223,227,232,238,243,246,247,248,250,250,251,253,254,255,256,257,259,260,262,263,265,266,268,269,271,273,274,276,278,279,281,291,313,339
86,86,86,86,86,86,86,86,86,87,87,87,87,87,87,88,88,88,88,88,88,89,89,89,89,90,90,90,90,91,90,88,86,84,82,80,79,77,77,78,78,78,79,79,79,80,80,80,81,81,82,82,82,83,83,84,84,85,85,104,105,105,106,107,108,108,109,110,111,111,112,113,114,115,116,117,118,119,120,121,122,123,124,125,126,128,129,130,132,133,134,136,137,139,140,142,144,146,147,149,150,149,149,148,150,152,154,157,159,161,164,166,169,172,175,178,181,184,188,191,207,211,215,220,225,229,235,240,243,243,245,246,246,248,249,250,251,252,254,255,257,258,259,260,262,263,265,267,268,270
86,86,86,86,86,86,86,86,87,87,87,87,87,87,87,87,88,88,88,88,88,89,89,89,89,89,90,90,90,88,86,84,82,80,78,76,76,77,77,77,77,78,78,78,79,79,79,80,80,80,81,81,82,82,82,83,83,84,102,103,103,104,105,105,106,107,107,108,109,109,110,111,112,113,113,114,115,116,117,118,119,120,121,122,123,124,126,127,128,129,131,132,133,135,136,138,139,141,142,144,146,148,147,146,145,146,148,150,152,155,157,159,162,164,167,169,172,175,178,181,184,188,203,207,211,215,220,224,229,234,239,240,241,242,243,244,245,246,247,248,250,251,252,253,255,256,258,259,261,262
87,87,87,87,88,88,88,88,88,88,88,88,89,89,89,89,89,89,90,90,90,88,86,83,81,79,76,76,76,76,77,77,77,77,78,78,78,78,79,79,79,80,80,80,81,81,82,82,82,83,101,101,102,102,103,103,104,104,105,106,106,107,108,108,109,110,111,111,112,113,114,115,116,117,117,118,119,120,121,122,124,125,126,127,128,129,131,132,133,135,136,138,139,141,142,144,145,144,143,142,144,146,148,150,152,154,156,159,161,163,166,168,171,174,177,180,183,186,201,205,209,213,217,222,227,231,236,236,238,239,239,241,242,242,244,245,246,247,248,250,251,252,253,255,256,258,260,261,263,264
89,89,89,90,90,90,90,90,90,88,85,82,79,76,76,76,76,77,77,77,77,77,78,78,78,78,79,79,79,80,80,80,81,81,81,82,82,82,100,100,101,101,102,102,103,103,104,104,105,106,106,107,107,108,109,109,110,111,112,112,113,114,115,116,117,118,118,119,120,121,122,123,125,126,127,128,129,130,132,133,134,136,137,139,140,142,143,142,141,140,141,143,145,147,149,151,153,155,157,159,162,164,167,169,172,175,177,180,184,198,202,205,209,213,217,222,226,231,233,234,235,236,237,238,239,240,241,242,243,245,246,247,248,250,251,252,253,255,256,258,259,261,263,264,266,267,281,300,321,347
77,76,76,76,77,77,77,77,77,78,78,78,78,78,79,79,79,79,80,80,80,81,81,81,82,98,99,99,100,100,101,101,101,102,102,103,104,104,105,105,106,106,107,108,108,109,110,110,111,112,112,113,114,115,116,116,117,118,119,120,121,122,123,124,125,126,127,129,130,131,132,133,135,136,138,139,140,140,139,138,139,140,142,144,145,147,149,151,153,155,157,159,162,164,167,169,172,174,177,180,194,197,201,205,208,212,216,221,225,230,230,232,232,233,234,235,236,237,238,239,240,241,243,243,245,246,248,249,250,251,253,254,256,258,259,261,262,264,274,291,311,334,360,391,428,473,528,597,688,700
77,77,77,78,78,78,78,78,79,79,79,79,79,80,80,80,81,97,97,98,98,98,99,99,100,100,101,101,101,102,102,103,103,104,105,105,106,106,107,107,108,109,109,110,111,111,112,113,114,114,115,116,117,118,119,120,121,121,122,123,125,126,127,128,129,130,131,133,134,135,137,138,138,137,136,136,137,139,141,142,144,146,148,149,151,153,155,157,160,162,164,167,169,172,175,177,191,194,197,201,204,208,212,216,220,225,227,228,229,229,231,231,232,233,234,236,236,237,239,239,241,242,243,244,246,247,249,249,251,252,254,256,257,259,260,271,288,307,329,354,383,418,460,511,574,656,700,700,700,700
76,76,77,77,77,77,77,77,78,78,78,78,78,79,79,79,95,96,96,96,97,97,97,98,98,98,99,99,100,100,101,101,101,102,102,103,103,104,104,105,106,106,107,107,108,109,109,110,111,111,112,113,114,114,115,116,117,118,119,120,121,122,123,124,125,126,127,128,129,130,132,133,134,135,135,134,133,133,135,136,138,139,141,143,144,146,148,150,152,154,156,158,160,163,165,167,170,173,175,189,192,195,198,202,205,209,213,217,222,224,224,225,226,227,227,229,229,231,231,232,234,234,236,237,238,239,241,242,243,244,246,247,248,249,251,253,254,256,261,276,294,314,337,364,395,432,478,533,604,695
74,74,74,74,75,75,75,75,75,75,75,75,76,76,76,76,76,77,77,93,93,93,93,94,94,94,95,95,95,96,96,96,97,97,98,98,98,99,99,100,100,101,101,102,102,103,103,104,104,105,106,106,107,107,108,109,110,110,111,112,112,113,114,115,116,117,118,118,119,120,121,122,123,124,126,127,128,129,130,132,131,130,129,129,131,132,133,135,136,138,140,141,143,145,147,148,150,152,155,157,159,161,164,166,169,171,184,187,191,194,197,201,204,208,212,216,219,220,221,222,223,223,224,225,226,227,228,229,230,231,232,233,234,236,237,238,239,241,242,243,245,246,248,250,251,252,260,276,294,315
71,71,71,71,71,72,72,72,72,72,72,72,72,72,72,73,73,73,73,73,73,74,89,90,90,90,90,90,91,91,91,92,92,92,93,93,93,94,94,94,95,95,95,96,96,97,97,98,98,99,99,100,100,101,101,102,102,103,103,104,105,105,106,107,107,108,109,110,110,111,112,113,114,115,115,116,117,118,119,120,121,122,124,125,126,127,127,126,125,124,126,127,128,130,131,133,134,136,138,139,141,143,145,147,149,151,153,155,157,159,162,164,167,180,183,186,189,193,196,200,203,207,211,215,215,217,217,218,219,220,220,222,222,224,224,226,226,227,229,229,231,232,233,235,236,237,238,240,241,243
68,68,68,68,68,68,68,68,68,68,68,68,69,69,69,69,69,69,69,85,85,85,85,86,86,86,86,86,87,87,87,87,88,88,88,89,89,89,90,90,90,91,91,91,92,92,93,93,93,94,94,95,95,96,96,97,97,98,98,99,99,100,101,101,102,103,103,104,105,105,106,107,108,108,109,110,111,112,113,114,115,116,117,118,119,120,121,122,122,121,120,119,121,122,123,125,126,127,129,130,132,134,135,137,139,141,143,145,147,149,151,153,155,158,160,173,176,179,182,186,189,192,196,200,204,208,210,211,212,213,214,214,215,216,217,218,219,220,221,222,223,224,225,226,228,229,230,232,232,234
64,64,64,64,64,64,64,64,64,64,80,80,80,80,80,81,81,81,81,81,82,82,82,82,82,83,83,83,83,84,84,84,85,85,85,85,86,86,86,87,87,88,88,88,89,89,90,90,91,91,91,92,92,93,93,94,95,95,96,96,97,98,98,99,100,100,101,102,102,103,104,105,106,106,107,108,109,110,111,112,113,114,115,116,117,116,115,114,114,116,117,118,120,121,122,124,125,127,128,130,132,134,135,137,139,141,143,145,148,150,152,155,157,171,174,177,180,183,187,191,194,198,202,205,206,207,207,209,209,210,211,212,213,214,215,216,217,218,219,220,221,223,224,225,226,228,229,230,232,234
75,75,75,75,75,76,76,76,76,76,76,76,77,77,77,77,77,78,78,78,78,79,79,79,79,80,80,80,81,81,81,82,82,82,83,83,83,84,84,85,85,85,86,86,87,87,88,88,89,89,90,90,91,92,92,93,93,94,95,95,96,97,98,98,99,100,101,102,102,103,104,105,106,107,108,109,110,111,110,109,109,108,109,110,112,113,114,116,117,118,120,121,123,125,126,128,130,132,134,136,138,140,142,144,147,149,152,166,169,172,175,178,182,185,189,193,197,200,201,202,202,204,204,205,206,207,208,208,210,211,212,213,214,215,216,218,219,220,222,223,224,226,227,228,230,232,234,234,236,256
71,71,71,71,72,72,72,72,72,72,73,73,73,73,74,74,74,74,75,75,75,75,76,76,76,77,77,77,78,78,78,79,79,79,80,80,81,81,82,82,82,83,83,84,84,85,86,86,87,87,88,88,89,90,90,91,92,92,93,94,95,95,96,97,98,99,100,101,102,103,104,105,105,104,103,103,102,103,105,106,107,108,110,111,112,114,115,117,118,120,122,124,125,127,129,131,133,135,138,140,142,145,159,162,165,168,172,175,179,183,187,191,195,195,196,197,198,199,200,200,202,202,204,204,205,207,208,209,210,211,213,213,215,216,217,219,220,221,223,225,226,228,229,231,237,265,301,348,412,504
67,67,67,67,67,67,68,68,68,68,68,69,69,69,69,69,70,70,70,70,71,71,71,72,72,72,72,73,73,73,74,74,74,75,75,76,76,76,77,77,78,78,79,79,80,80,81,81,82,82,83,84,84,85,85,86,87,87,88,89,90,90,91,92,93,94,94,95,96,97,98,99,99,99,98,97,97,98,99,100,101,102,104,105,106,108,109,111,112,114,115,117,119,121,123,124,127,129,131,133,135,138,140,155,158,161,165,168,172,175,179,183,188,190,191,192,192,194,194,195,196,197,198,199,200,201,202,203,204,206,206,208,210,210,212,213,215,216,217,219,221,223,224,225,227,238,276,327,403,525
62,62,62,63,63,63,63,63,63,63,64,64,64,64,64,64,65,65,65,65,65,66,66,66,66,67,67,67,67,68,68,68,69,69,69,70,70,70,71,71,71,72,72,73,73,73,74,74,75,75,76,76,77,77,78,78,79,79,80,81,81,82,82,83,84,85,85,86,87,88,88,89,90,91,92,93,94,94,94,93,92,92,92,93,94,95,96,97,99,100,101,103,104,105,107,108,110,112,113,115,117,119,121,123,125,127,130,132,135,149,152,156,159,162,166,170,174,178,182,185,186,187,188,188,190,190,191,192,193,194,195,196,198,198,200,201,202,203,205,205,207,209,210,211,213,214,216,218,218,220
59,59,59,59,59,59,59,59,59,59,59,59,60,60,60,60,60,60,60,61,61,61,61,61,61,62,62,62,62,62,63,63,63,63,64,64,64,64,65,65,65,66,66,66,67,67,67,68,68,68,69,69,69,70,70,71,71,72,72,73,73,74,74,75,75,76,76,77,77,78,79,79,80,81,81,82,83,83,84,85,86,87,87,88,89,89,89,88,87,87,87,88,89,90,91,92,94,95,96,97,99,100,102,103,105,106,108,109,111,113,115,117,119,121,123,126,128,131,146,149,152,155,159,162,166,170,174,179,180,182,183,183,184,185,186,186,188,189,190,191,192,193,194,196,196,198,199,200,201,203
