73,73,73,73,73,73,74,74,74,74,74,75,75,75,76,76,77,77,77,78,78,79,80,80,81,82,82,83,84,85,86,87,88,89,90,91,92,94,95,96,98,99,101,103,105,103,101,100,98,100,102,104,107,109,112,115,118,117,116,115,114,116,120,125,129,135,135,134,133,132,138,146,154,155,154
71,71,71,72,72,72,72,72,72,73,73,73,74,74,74,75,75,76,76,77,77,78,78,79,80,80,81,82,83,84,85,85,87,88,89,90,91,92,94,95,97,98,100,101,100,98,96,95,96,99,101,103,106,108,111,114,114,113,112,111,111,115,120,124,129,132,131,130,130,131,138,146,153,152,151
70,70,70,70,70,70,71,71,71,71,72,72,72,73,73,73,74,74,75,75,76,76,77,78,78,79,80,81,82,82,83,84,85,87,88,89,90,91,93,94,96,97,98,96,94,93,92,94,96,98,100,102,105,108,111,111,110,109,108,107,111,115,119,124,129,128,128,127,126,131,139,147,149,149,147
68,69,69,69,69,69,69,70,70,70,70,71,71,71,72,72,73,73,74,74,75,75,76,77,77,78,79,80,81,81,82,83,84,86,87,88,89,91,92,93,95,94,93,91,90,89,91,93,95,97,99,102,104,107,108,107,106,105,104,107,111,115,119,124,126,125,124,123,125,132,140,146,146,145,149
67,67,68,68,68,68,68,68,69,69,69,70,70,70,71,71,72,72,73,73,74,74,75,76,76,77,78,79,80,81,82,83,84,85,86,87,88,90,91,92,91,89,88,86,86,88,90,92,94,96,99,101,104,105,104,103,102,101,103,106,110,114,119,123,122,121,120,120,125,132,140,143,142,142,151
66,66,66,67,67,67,67,67,68,68,68,69,69,69,70,70,71,71,72,72,73,73,74,75,75,76,77,78,79,80,81,82,83,84,85,86,88,89,89,87,86,84,83,84,86,87,89,91,93,96,98,101,102,101,100,99,98,99,102,106,110,114,119,119,118,118,117,118,125,132,140,140,139,139,153
65,65,65,65,66,66,66,66,67,67,67,68,68,68,69,69,70,70,71,71,72,72,73,74,75,75,76,77,78,79,80,81,82,83,84,85,87,85,84,82,81,80,81,83,85,87,88,90,93,95,97,99,98,97,96,95,95,98,101,105,109,113,117,116,115,114,114,117,124,132,137,136,136,135,154
64,64,64,64,65,65,65,65,66,66,66,67,67,67,68,68,69,69,70,70,71,72,72,73,74,74,75,76,77,78,79,80,81,82,83,84,82,81,79,78,77,79,80,82,84,86,87,89,92,94,96,95,94,93,92,91,94,97,100,104,108,112,113,112,112,111,110,116,123,131,134,133,133,132,154
63,63,63,64,64,64,64,64,65,65,65,66,66,66,67,67,68,68,69,69,70,71,71,72,73,73,74,75,76,77,78,79,80,81,81,79,77,76,75,75,76,78,79,81,83,84,86,88,91,93,93,92,91,90,89,89,92,95,99,103,107,111,110,109,108,108,108,115,122,130,131,130,130,129,152
62,62,62,63,63,63,63,63,64,64,64,65,65,65,66,66,67,67,68,68,69,70,70,71,72,72,73,74,75,76,77,78,79,77,76,74,73,71,73,74,75,77,78,80,81,83,85,87,89,90,89,88,87,86,85,88,91,94,97,101,105,107,106,106,105,104,106,112,119,127,128,127,127,126,148
61,61,61,62,62,62,62,62,63,63,63,64,64,64,65,65,66,66,67,67,68,68,69,70,71,71,72,73,74,75,76,76,74,73,71,70,69,70,71,73,74,75,77,78,80,82,84,86,87,86,85,84,83,83,83,86,89,92,95,99,103,104,103,103,102,101,103,109,116,124,125,124,124,123,143
60,60,60,61,61,61,61,61,62,62,62,63,63,63,64,64,65,65,66,66,67,67,68,69,69,70,71,72,73,73,73,71,70,68,67,67,68,69,70,71,72,74,75,77,78,80,82,84,84,83,82,81,80,79,81,84,87,90,93,96,100,101,100,100,99,98,100,106,112,120,122,121,121,120,136
59,59,59,60,60,60,60,60,61,61,61,62,62,62,63,63,64,64,65,65,66,66,67,67,68,69,70,70,71,70,68,67,65,64,64,65,66,67,68,70,71,72,74,75,77,78,80,82,81,80,79,78,77,76,79,81,84,87,90,94,97,98,97,97,96,95,96,101,108,115,119,118,118,117,127
58,58,58,59,59,59,59,59,60,60,60,61,61,61,62,62,62,63,63,64,64,65,66,66,67,68,68,69,67,66,64,62,61,62,63,64,65,66,67,68,69,70,72,73,75,76,78,78,77,76,75,75,74,74,76,79,81,84,87,90,94,95,94,94,93,92,92,97,103,109,116,115,115,115,117
57,57,57,58,58,58,58,58,59,59,59,59,60,60,60,61,61,62,62,63,63,64,64,65,66,66,66,64,63,61,60,59,59,60,61,62,63,64,65,66,67,69,70,71,73,74,76,75,74,73,72,71,71,71,74,76,78,81,84,87,90,92,91,91,90,90,89,92,97,103,110,113,112,112,111
56,56,56,57,57,57,57,57,58,58,58,58,59,59,59,60,60,61,61,61,62,62,63,64,64,63,62,60,58,57,56,57,58,59,60,60,61,62,63,64,65,67,68,69,71,72,73,72,71,70,69,68,67,69,71,73,75,78,80,83,87,89,89,88,87,87,86,86,91,97,103,110,109,109,108
55,55,55,56,56,56,56,56,56,57,57,57,58,58,58,59,59,59,60,60,61,61,62,62,61,59,57,55,54,54,55,56,56,57,58,59,60,61,62,63,64,65,66,67,69,70,70,69,68,67,66,65,64,66,68,70,72,75,77,80,83,86,86,85,85,84,84,83,85,91,96,103,107,106,105
54,54,55,55,55,55,55,55,55,56,56,56,56,57,57,57,58,58,59,59,59,60,60,58,56,54,52,52,52,53,54,54,55,56,56,57,58,59,60,61,62,63,64,65,66,68,67,66,65,64,63,62,62,63,65,67,69,71,74,76,79,82,83,82,82,81,81,80,80,84,90,95,102,104,103
54,54,54,54,54,54,54,54,55,55,55,55,55,56,56,56,57,57,57,58,58,56,54,52,51,49,50,50,51,52,52,53,53,54,55,56,56,57,58,59,60,61,62,63,64,64,63,62,62,61,60,59,59,61,62,64,66,68,70,73,75,78,80,80,79,79,78,78,77,78,83,88,94,101,100
53,53,53,53,53,53,53,53,54,54,54,54,54,55,55,55,56,56,56,55,53,51,49,47,48,48,49,49,50,50,51,51,52,53,53,54,55,56,56,57,58,59,60,61,62,61,60,59,58,58,57,56,57,58,60,61,63,65,67,69,72,74,77,77,76,76,75,75,74,74,77,82,87,93,97
52,52,52,52,52,52,52,53,53,53,53,53,54,54,54,54,55,54,52,49,47,46,46,46,47,47,48,48,48,49,50,50,51,51,52,53,53,54,55,56,57,57,58,59,59,58,57,56,55,55,54,53,55,56,57,59,61,62,64,66,68,71,73,74,74,73,73,72,72,71,72,76,81,86,95
51,51,51,51,52,52,52,52,52,52,52,53,53,53,53,53,50,47,45,44,44,45,45,45,46,46,47,47,47,48,48,49,49,50,51,51,52,53,53,54,55,56,57,57,56,55,54,53,52,51,51,51,53,54,55,57,58,60,62,63,65,68,70,72,71,70,70,69,69,68,68,71,75,79,91
51,51,51,51,51,51,51,51,51,52,52,52,52,51,47,44,43,43,43,43,44,44,44,45,45,45,46,46,46,47,47,48,48,49,50,50,51,52,52,53,54,55,54,53,52,51,50,50,49,48,49,50,51,52,53,55,56,58,59,61,63,65,67,69,68,68,67,67,66,66,65,66,70,74,84
50,50,50,50,50,51,51,51,51,51,51,48,44,41,42,42,42,42,42,43,43,43,43,44,44,44,45,45,46,46,47,47,48,48,49,49,50,50,51,52,53,52,51,50,49,48,47,46,46,46,47,48,49,50,52,53,54,56,57,59,61,63,65,66,65,65,64,64,63,63,62,63,66,70,79
50,50,50,50,50,50,50,50,50,44,41,41,41,41,41,41,42,42,42,42,42,43,43,43,44,44,44,45,45,45,46,46,47,47,48,48,49,50,50,50,49,48,47,46,45,44,44,44,44,45,46,47,48,49,50,52,53,54,56,57,59,61,63,63,63,62,61,61,60,60,60,60,63,66,74
50,50,50,50,50,50,42,40,40,40,40,40,41,41,41,41,41,41,42,42,42,42,43,43,43,44,44,44,45,45,45,46,46,47,47,48,48,48,47,46,45,44,43,42,41,41,42,43,44,44,45,46,47,48,49,50,52,53,54,56,57,59,61,60,60,59,59,58,58,57,57,57,60,63,71
50,50,50,40,40,40,40,40,40,40,40,40,40,41,41,41,41,41,41,42,42,42,42,43,43,43,44,44,44,45,45,46,46,47,47,46,45,44,43,42,41,40,39,40,40,41,42,42,43,44,45,46,47,48,49,50,51,52,54,55,57,58,58,57,57,56,56,55,55,54,54,56,59,62,68
40,40,40,40,40,40,40,40,40,40,40,40,41,41,41,41,41,41,41,42,42,42,42,43,43,43,44,44,44,45,45,45,45,44,43,41,40,39,38,37,38,38,39,39,40,41,41,42,43,44,44,45,46,47,48,49,51,52,53,55,56,55,55,54,54,53,53,52,52,51,53,55,58,60,67
40,40,40,40,40,40,40,40,40,40,41,41,41,41,41,41,41,41,42,42,42,42,43,43,43,43,44,44,44,44,43,41,40,39,38,36,36,37,37,37,38,39,39,40,40,41,42,42,43,44,45,45,46,47,48,49,51,52,53,53,53,52,52,51,50,50,50,49,49,50,53,55,57,60,67
41,41,41,41,41,41,41,41,41,41,41,41,41,41,41,42,42,42,42,42,42,43,43,43,44,44,43,41,39,38,37,35,35,35,36,36,37,37,37,38,38,39,39,40,41,41,42,43,43,44,45,46,47,48,49,50,51,51,51,50,49,49,48,48,47,47,46,47,49,51,53,55,58,61,67
41,41,41,41,41,41,41,41,41,41,42,42,42,42,42,42,42,42,43,43,43,43,43,41,39,37,36,34,34,35,35,35,36,36,36,37,37,38,38,39,39,40,40,41,41,42,43,43,44,45,46,47,47,48,50,49,48,48,47,47,46,45,45,45,44,45,47,48,50,52,54,57,59,62,67
42,42,42,42,42,42,42,42,42,42,42,42,43,43,43,43,43,43,43,40,38,36,34,34,34,34,35,35,35,36,36,36,37,37,37,38,38,39,39,39,40,41,41,42,42,43,44,44,45,46,47,48,47,47,46,45,45,44,44,43,43,42,43,44,45,47,48,50,52,54,56,58,61,64,64
43,43,43,43,43,43,43,43,43,43,43,43,43,44,43,40,36,34,34,34,34,35,35,35,35,35,36,36,36,37,37,37,38,38,38,39,39,40,40,41,41,42,42,43,44,44,45,46,46,46,45,44,44,43,42,42,41,41,40,41,42,43,44,46,47,49,50,52,54,56,58,61,62,61,61
44,44,44,44,44,44,44,44,44,44,43,38,34,35,35,35,35,35,35,35,36,36,36,36,36,37,37,37,38,38,38,39,39,39,40,40,41,41,42,42,43,43,44,44,45,45,44,43,42,42,41,40,40,39,38,39,40,41,42,43,44,45,47,48,50,51,53,55,57,59,60,59,59,58,58
45,45,45,45,45,45,43,35,35,35,36,36,36,36,36,36,36,36,37,37,37,37,37,38,38,38,38,39,39,39,40,40,40,41,41,42,42,43,43,44,44,44,43,42,41,40,39,39,38,37,37,38,39,40,40,41,42,43,44,46,47,48,50,51,53,54,56,58,57,57,56,56,55,55,54
47,47,37,37,37,37,37,37,37,37,37,37,37,37,37,38,38,38,38,38,38,39,39,39,39,40,40,40,41,41,41,42,42,43,43,44,44,43,42,41,40,39,38,37,36,36,37,38,38,39,40,40,41,42,43,44,45,46,47,49,50,51,53,55,56,55,55,54,54,53,53,53,52,52,56
38,38,38,38,38,38,38,38,38,38,39,39,39,39,39,39,39,40,40,40,40,40,41,41,41,42,42,42,43,43,43,44,43,41,40,39,38,37,36,35,36,36,37,37,38,39,39,40,41,41,42,43,44,45,46,47,48,49,51,52,53,54,53,53,52,52,51,51,50,50,50,51,54,57,63
40,40,40,40,40,40,40,40,40,40,40,40,41,41,41,41,41,41,42,42,42,42,43,43,43,43,44,43,41,40,39,37,36,35,35,36,36,37,37,38,38,39,39,40,41,41,42,43,44,44,45,46,47,48,49,50,52,52,52,51,51,50,50,49,49,48,48,48,50,53,55,57,60,63,71
42,42,42,42,42,42,42,42,42,42,42,42,42,43,43,43,43,43,44,44,44,44,43,41,40,38,37,35,36,36,36,37,37,37,38,38,39,39,40,40,41,41,42,43,43,44,45,46,47,48,48,49,51,51,50,50,49,49,48,47,47,46,46,47,48,50,52,54,56,59,61,64,68,69,68
43,43,43,43,44,44,44,44,44,44,44,44,44,45,45,45,45,44,42,39,37,36,36,36,37,37,37,38,38,38,39,39,39,40,40,41,41,42,42,43,44,44,45,46,46,47,48,49,50,50,49,48,48,47,46,46,45,45,44,46,47,48,50,52,54,56,58,60,63,65,66,66,66,65,65
45,45,45,45,45,46,46,46,46,46,46,46,46,42,39,37,37,37,37,38,38,38,38,39,39,39,40,40,40,41,41,42,42,42,43,44,44,45,45,46,47,47,48,49,49,49,48,47,46,45,45,44,44,43,44,45,46,48,49,50,52,54,55,57,59,62,64,64,64,63,63,63,62,62,63
47,47,47,47,48,48,48,48,44,39,38,38,38,39,39,39,39,39,40,40,40,40,41,41,41,42,42,42,43,43,44,44,45,45,46,46,47,48,48,49,48,47,46,45,45,44,43,42,42,43,44,45,46,47,48,49,51,52,54,55,57,59,61,63,62,62,61,61,61,60,60,59,61,65,74
49,49,49,48,40,40,40,40,40,40,40,40,41,41,41,41,41,42,42,42,42,43,43,43,44,44,45,45,45,46,46,47,47,48,49,48,47,46,45,44,43,42,41,42,42,43,44,45,46,47,48,49,50,51,53,54,56,57,59,61,61,60,60,59,59,58,58,58,57,60,63,67,71,76,81
41,41,41,42,42,42,42,42,42,42,42,43,43,43,43,43,44,44,44,45,45,45,46,46,46,47,47,48,48,49,48,47,46,45,43,42,42,41,41,42,43,43,44,45,46,47,48,49,50,51,52,53,55,56,57,59,59,59,58,58,57,57,56,56,55,57,60,62,65,69,73,77,79,78,78
43,43,44,44,44,44,44,44,44,44,45,45,45,45,45,46,46,46,47,47,47,48,48,48,49,49,47,46,44,43,42,41,41,42,42,43,43,44,45,45,46,47,48,49,49,50,51,53,54,55,56,58,58,58,57,56,56,55,55,54,54,55,57,59,61,64,67,71,74,76,76,76,75,75,74
45,45,46,46,46,46,46,46,46,47,47,47,47,47,48,48,48,49,49,49,50,48,46,44,43,42,41,41,42,42,43,43,44,44,45,46,46,47,48,49,49,50,51,52,53,54,55,56,57,56,56,55,54,54,53,53,52,53,55,56,59,61,63,66,69,72,74,74,74,73,73,72,72,72,83
47,47,48,48,48,48,48,48,48,49,49,49,49,50,50,50,49,47,45,43,42,41,42,42,43,43,43,44,44,45,45,46,47,47,48,49,49,50,51,52,53,54,55,56,56,55,55,54,53,52,52,51,50,51,53,54,56,58,60,62,64,67,70,73,72,72,71,71,70,70,70,71,77,83,94
49,49,50,50,50,50,50,50,50,51,51,51,49,46,44,42,42,42,43,43,43,44,44,44,45,45,46,46,47,47,48,49,49,50,51,51,52,53,54,55,55,54,54,53,52,51,50,50,49,50,51,53,54,56,57,59,61,63,65,68,70,70,70,69,69,68,68,67,68,72,76,82,88,91,91
51,51,51,52,52,52,52,52,49,46,43,43,43,43,44,44,44,44,45,45,45,46,46,47,47,48,48,49,49,50,51,51,52,53,53,54,55,54,53,52,51,50,49,49,48,49,50,51,53,54,55,57,58,60,62,64,66,68,68,68,67,67,66,66,65,65,68,72,76,81,86,89,88,88,87
53,53,53,53,51,46,44,44,44,44,44,45,45,45,45,46,46,46,47,47,48,48,48,49,49,50,50,51,52,52,53,54,54,53,52,51,50,49,48,47,47,48,49,50,51,52,53,55,56,57,59,60,62,64,66,67,66,66,65,64,64,63,63,64,67,71,75,79,84,86,86,86,85,85,84
54,47,45,45,45,45,45,46,46,46,46,46,47,47,47,48,48,48,49,49,49,50,50,51,51,52,53,53,54,53,52,51,50,48,47,47,47,47,48,49,50,51,52,53,54,55,56,58,59,61,62,64,65,65,64,63,63,62,62,61,61,64,67,70,73,77,81,84,84,83,83,83,82,82,98
46,46,46,46,47,47,47,47,47,48,48,48,48,49,49,49,50,50,50,51,51,52,52,53,53,53,52,51,49,48,47,46,46,47,47,48,49,50,50,51,52,53,54,55,57,58,59,61,62,64,63,63,62,61,61,60,59,59,61,63,65,68,71,75,78,82,81,81,81,80,80,80,81,89,110
48,48,48,48,48,48,48,49,49,49,49,50,50,50,51,51,51,52,52,52,53,53,52,51,49,48,46,45,45,46,47,47,48,48,49,50,51,52,52,53,54,55,57,58,59,60,62,62,61,60,60,59,58,58,57,58,60,62,64,66,69,72,75,79,79,79,78,78,78,77,77,82,89,97,120
49,49,49,49,49,50,50,50,50,50,51,51,51,52,52,52,53,53,53,52,50,48,46,45,45,45,46,46,47,47,48,49,49,50,51,52,52,53,54,55,56,57,58,60,61,60,59,58,58,57,56,56,55,57,58,60,62,65,67,69,72,75,77,77,76,76,75,75,75,75,81,87,95,104,128
50,50,50,50,51,51,51,51,51,52,52,52,52,53,53,53,51,49,47,45,44,45,45,46,46,47,47,48,48,49,49,50,51,52,52,53,54,55,56,57,58,59,59,58,57,57,56,55,54,54,54,56,57,59,61,63,65,67,69,72,75,75,74,74,73,73,72,72,74,79,85,92,99,108,133
51,51,51,52,52,52,52,52,52,53,53,53,53,51,48,46,44,44,45,45,46,46,46,47,47,48,48,49,49,50,51,51,52,53,54,54,55,56,57,58,57,56,55,55,54,53,52,52,53,54,56,57,59,60,62,64,66,69,71,73,72,72,71,71,70,70,70,73,77,82,88,94,102,111,136
52,52,52,53,53,53,53,53,53,54,51,48,45,44,45,45,45,45,46,46,47,47,47,48,48,49,49,50,50,51,52,52,53,54,55,55,56,57,56,55,54,53,52,51,50,51,52,53,54,55,57,58,60,62,64,65,68,70,71,70,69,69,68,68,67,67,70,74,79,84,89,96,104,113,136
53,53,53,53,54,54,54,51,47,44,44,45,45,45,45,46,46,46,47,47,47,48,48,49,49,50,50,51,51,52,52,53,54,55,55,55,54,53,52,51,50,49,48,49,50,51,53,54,55,56,58,59,61,63,64,66,68,68,68,67,67,66,66,65,65,68,71,75,80,85,90,97,104,112,135
54,54,54,54,53,47,44,45,45,45,45,45,46,46,46,46,47,47,47,48,48,48,49,49,50,50,51,51,52,52,53,54,54,54,52,51,50,49,48,47,47,48,49,50,51,52,53,54,56,57,58,60,61,63,65,67,66,65,65,64,64,63,63,63,65,69,72,76,80,85,90,96,103,111,132
55,55,49,45,45,45,45,45,45,46,46,46,46,46,47,47,47,48,48,48,49,49,49,50,50,51,51,52,52,53,53,52,51,50,48,47,46,46,46,47,48,49,50,51,52,53,54,55,56,57,59,60,62,63,64,64,63,62,62,61,61,60,61,63,66,69,72,76,80,84,89,95,102,109,129
45,45,45,45,45,46,46,46,46,46,46,47,47,47,47,48,48,48,48,49,49,50,50,50,51,51,52,52,52,50,49,48,47,45,44,45,45,46,47,48,48,49,50,51,52,53,54,55,56,58,59,60,62,62,62,61,60,60,59,58,58,58,61,63,66,68,72,75,79,83,88,94,100,107,125
46,46,46,46,46,46,46,46,47,47,47,47,47,48,48,48,48,49,49,49,50,50,50,51,51,52,50,49,47,46,45,43,44,44,45,45,46,47,47,48,49,49,50,51,52,53,54,55,57,58,59,60,60,59,59,58,57,57,56,56,56,58,60,63,65,68,71,74,78,82,87,92,98,104,121
46,46,47,47,47,47,47,47,47,47,47,48,48,48,48,48,49,49,49,50,50,50,51,51,49,47,45,44,43,42,43,43,44,44,45,46,46,47,47,48,49,50,51,51,52,53,54,55,57,58,59,58,57,56,56,55,54,54,53,55,56,58,60,63,65,68,70,74,77,81,85,90,95,102,117
47,47,47,47,47,47,47,47,48,48,48,48,48,48,49,49,49,49,50,50,50,49,47,45,43,42,42,42,42,43,43,44,44,45,45,46,46,47,48,48,49,50,51,52,53,53,54,56,57,56,55,55,54,53,53,52,51,51,53,54,56,58,60,62,65,67,70,73,76,80,84,88,93,99,113
48,48,48,48,48,48,48,48,48,48,48,49,49,49,49,49,50,50,49,47,45,43,41,41,41,42,42,42,43,43,44,44,45,45,46,46,47,47,48,49,49,50,51,52,53,54,55,55,54,53,52,52,51,50,50,49,50,51,53,54,56,58,60,62,64,67,69,72,75,79,83,87,92,97,110
48,48,48,48,48,48,48,49,49,49,49,49,49,49,50,50,47,44,42,40,41,41,41,41,42,42,42,43,43,44,44,44,45,45,46,47,47,48,48,49,50,50,51,52,53,53,52,51,51,50,49,48,48,47,48,49,50,52,53,55,56,58,60,62,64,66,69,72,75,78,82,86,90,95,107
49,49,49,49,49,49,49,49,49,49,49,50,50,47,44,40,40,40,41,41,41,41,42,42,42,43,43,43,44,44,44,45,45,46,46,47,48,48,49,49,50,51,52,52,51,50,49,48,47,46,46,45,46,47,48,49,51,52,53,55,56,58,60,62,64,66,69,71,74,77,81,85,89,94,105
50,50,50,50,50,50,50,50,50,50,48,42,40,40,41,41,41,41,41,41,42,42,42,43,43,43,43,44,44,45,45,45,46,46,47,47,48,49,49,50,51,50,49,48,47,46,45,44,44,44,45,46,47,48,49,50,51,52,54,55,57,58,60,62,64,66,69,71,74,77,81,84,89,93,104
50,50,50,50,50,50,50,48,41,41,41,41,41,41,41,41,42,42,42,42,42,43,43,43,43,44,44,44,45,45,46,46,47,47,48,48,49,49,49,48,47,46,45,44,43,42,42,43,44,45,45,46,47,48,49,50,52,53,54,56,57,59,61,63,65,67,69,72,75,78,81,85,89,93,103
51,51,51,51,51,41,41,41,41,41,42,42,42,42,42,42,42,43,43,43,43,43,44,44,44,45,45,45,46,46,46,47,47,48,48,48,47,46,45,44,43,42,41,41,42,42,43,44,45,45,46,47,48,49,50,51,52,54,55,57,58,60,62,63,65,68,70,72,75,78,82,85,89,93,104
52,42,42,42,42,42,42,42,42,42,42,43,43,43,43,43,43,43,44,44,44,44,45,45,45,45,46,46,46,47,47,48,48,46,45,43,42,41,40,40,40,41,41,42,43,43,44,45,46,46,47,48,49,50,51,52,54,55,56,58,59,61,63,65,67,69,71,74,76,79,83,86,90,94,105
43,43,43,43,43,43,43,43,43,43,43,43,44,44,44,44,44,44,45,45,45,45,46,46,46,46,47,47,47,46,45,43,42,41,39,39,39,40,40,41,41,42,43,43,44,44,45,46,47,48,48,49,50,51,52,54,55,56,58,59,61,62,64,66,68,70,73,75,78,81,84,88,92,96,106
44,44,44,44,44,44,44,44,44,44,44,45,45,45,45,45,45,45,46,46,46,46,47,47,47,47,45,43,42,40,39,39,39,39,40,40,41,41,42,42,43,43,44,44,45,46,47,47,48,49,50,51,52,53,54,55,56,58,59,61,62,64,66,68,70,72,75,77,80,83,87,90,94,99,109
45,45,45,45,45,45,45,45,45,46,46,46,46,46,46,46,46,47,47,47,47,48,45,43,41,39,38,39,39,39,40,40,40,41,41,42,42,42,43,44,44,45,45,46,47,47,48,49,50,51,52,53,54,55,56,57,58,60,61,63,64,66,68,70,72,75,77,80,83,86,89,93,97,102,113
47,47,47,47,47,47,47,47,47,47,47,47,47,47,47,48,48,48,46,43,40,38,39,39,39,39,40,40,40,41,41,41,42,42,43,43,44,44,45,45,46,46,47,48,48,49,50,51,52,53,54,55,56,57,58,59,61,62,64,65,67,69,71,73,75,78,80,83,86,89,93,97,101,106,212
48,48,48,48,48,48,48,48,48,48,48,48,49,49,46,43,39,39,39,39,40,40,40,40,41,41,41,42,42,42,43,43,43,44,44,45,45,46,46,47,48,48,49,50,50,51,52,53,54,55,56,57,58,59,60,62,63,65,66,68,70,72,74,76,78,81,84,87,90,93,97,101,106,111,219
49,49,49,49,49,49,49,50,50,50,47,41,40,40,40,40,40,41,41,41,41,41,42,42,42,43,43,43,44,44,44,45,45,46,46,47,47,48,48,49,50,50,51,52,52,53,54,55,56,57,58,59,60,62,63,64,66,68,69,71,73,75,77,80,82,85,88,91,94,98,102,107,111,205,227
51,51,51,51,51,51,49,41,41,41,41,41,42,42,42,42,42,42,43,43,43,43,43,44,44,44,45,45,45,46,46,47,47,48,48,49,49,50,50,51,52,52,53,54,55,56,57,58,59,60,61,62,63,65,66,68,69,71,73,75,77,79,81,84,86,89,92,96,99,103,108,194,203,214,237
53,53,53,43,43,43,43,43,43,43,43,43,43,43,43,44,44,44,44,44,45,45,45,46,46,46,47,47,47,48,48,49,49,50,50,51,51,52,53,53,54,55,56,57,57,58,59,60,61,63,64,65,66,68,69,71,73,75,76,78,81,83,86,88,91,94,98,101,105,161,194,203,213,224,235
44,44,44,44,44,44,44,44,44,45,45,45,45,45,45,45,46,46,46,46,47,47,47,48,48,48,49,49,49,50,50,51,51,52,53,53,54,54,55,56,57,57,58,59,60,61,62,63,64,66,67,68,70,71,73,75,77,79,81,83,85,88,90,93,96,100,104,132,187,195,204,213,224,234,231
46,46,46,46,46,46,46,46,46,46,46,47,47,47,47,47,48,48,48,48,49,49,49,50,50,50,51,51,52,52,53,53,54,54,55,56,56,57,58,58,59,60,61,62,63,64,65,66,68,69,70,72,73,75,77,79,81,83,85,87,90,93,96,99,102,129,182,189,197,205,215,225,231,230,227
48,48,48,48,48,48,48,48,48,48,48,48,49,49,49,49,49,50,50,50,51,51,51,52,52,52,53,53,54,54,55,56,56,57,57,58,59,60,60,61,62,63,64,65,66,67,69,70,71,73,74,76,77,79,81,83,85,88,90,93,95,98,102,127,154,184,191,198,207,216,227,229,227,226,299
49,49,49,49,49,50,50,50,50,50,50,50,51,51,51,51,51,52,52,52,53,53,53,54,54,55,55,56,56,57,57,58,59,59,60,61,62,62,63,64,65,66,67,68,69,71,72,73,75,76,78,80,82,83,86,88,90,93,95,98,121,125,151,179,186,193,201,209,218,227,226,225,223,229,311
51,51,51,51,51,51,51,52,52,52,52,52,52,53,53,53,53,54,54,54,55,55,56,56,57,57,58,58,59,59,60,60,61,62,63,63,64,65,66,67,68,69,70,72,73,74,76,77,79,80,82,84,86,88,90,93,95,98,120,124,149,175,181,188,195,203,211,221,225,223,222,221,232,302,324
53,53,53,53,53,53,53,53,54,54,54,54,54,55,55,55,55,56,56,57,57,57,58,58,59,59,60,60,61,62,62,63,64,65,65,66,67,68,69,70,71,72,74,75,76,78,79,81,83,84,86,88,90,93,95,116,119,123,146,172,177,184,190,197,205,214,223,222,220,219,222,286,304,306,373
54,54,55,55,55,55,55,55,55,56,56,56,56,57,57,57,57,58,58,59,59,59,60,60,61,62,62,63,63,64,65,66,66,67,68,69,70,71,72,73,74,76,77,78,80,81,83,85,86,88,90,93,95,115,118,121,144,149,174,179,186,192,199,207,215,221,219,218,216,224,288,304,305,327,391
56,56,56,56,56,57,57,57,57,57,58,58,58,58,59,59,59,60,60,61,61,62,62,63,63,64,64,65,66,67,67,68,69,70,71,72,73,74,75,76,77,79,80,82,83,85,87,88,90,92,111,114,117,120,142,146,170,175,181,187,194,201,209,217,218,217,215,214,273,288,302,306,326,372,393
58,58,58,58,58,58,58,59,59,59,59,60,60,60,61,61,61,62,62,63,63,64,64,65,65,66,67,67,68,69,70,70,71,72,73,74,75,77,78,79,80,82,83,85,87,88,90,92,110,113,116,119,140,144,167,171,177,182,188,195,202,209,217,215,214,212,215,273,288,299,305,325,369,386,395
59,59,59,59,60,60,60,60,60,61,61,61,62,62,62,63,63,64,64,64,65,66,66,67,67,68,69,69,70,71,72,73,74,75,76,77,78,79,81,82,83,85,86,88,90,92,109,112,114,117,137,141,163,167,172,177,183,189,195,202,210,215,213,211,210,215,272,286,297,303,322,365,383,387,397
61,61,61,61,61,61,61,62,62,62,63,63,63,64,64,64,65,65,66,66,67,67,68,69,69,70,71,71,72,73,74,75,76,77,78,79,80,82,83,84,86,88,89,106,108,110,113,115,135,138,142,163,168,172,178,183,189,195,202,209,212,211,209,208,214,269,283,295,299,317,358,380,384,389,398
62,62,62,62,62,63,63,63,63,64,64,64,65,65,65,66,66,67,67,68,68,69,70,70,71,72,72,73,74,75,76,77,78,79,80,81,83,84,85,87,88,105,107,109,111,113,132,135,138,159,163,167,172,177,182,188,194,201,208,210,208,207,205,212,266,279,293,293,311,350,374,380,385,389,399
63,63,63,63,64,64,64,64,65,65,65,65,66,66,67,67,68,68,69,69,70,70,71,72,72,73,74,75,76,77,78,79,80,81,82,83,85,86,87,103,105,107,109,111,113,132,135,138,158,162,166,171,176,181,186,192,199,205,208,206,205,203,209,261,273,287,289,303,321,362,376,381,384,389,399
64,64,64,64,65,65,65,65,66,66,66,67,67,67,68,68,69,69,70,70,71,72,72,73,74,74,75,76,77,78,79,80,81,82,84,85,86,101,103,105,107,109,111,129,131,134,137,157,161,165,169,174,179,184,190,196,202,206,204,203,201,205,254,266,279,287,293,310,348,371,376,379,384,389,399
65,65,65,65,65,66,66,66,66,67,67,68,68,68,69,69,70,70,71,71,72,73,73,74,75,76,76,77,78,79,80,81,82,84,85,99,101,103,104,106,108,125,128,130,133,152,155,159,163,167,171,176,181,186,192,198,204,203,201,199,200,208,258,270,283,284,298,316,354,370,375,378,383,388,397
65,66,66,66,66,66,67,67,67,68,68,68,69,69,69,70,70,71,72,72,73,73,74,75,76,76,77,78,79,80,81,82,83,97,99,100,102,104,105,107,124,126,129,131,150,153,156,160,164,168,173,177,182,188,193,200,201,199,198,196,201,249,260,272,283,285,300,336,357,369,373,376,381,386,395
66,66,66,66,67,67,67,67,68,68,68,69,69,70,70,70,71,72,72,73,73,74,75,75,76,77,78,79,80,81,82,95,97,98,99,101,103,104,106,122,124,127,129,132,150,153,157,161,165,169,173,178,183,188,194,200,198,196,195,194,202,249,260,272,280,285,301,336,357,366,370,375,378,383,393
66,67,67,67,67,67,68,68,68,68,69,69,69,70,70,71,71,72,72,73,74,74,75,76,76,77,78,79,80,81,94,96,97,98,100,101,103,104,120,122,124,127,129,147,150,153,157,161,164,168,173,178,183,188,194,197,195,193,192,194,201,248,259,271,277,283,298,333,353,364,367,371,376,380,389
67,67,67,67,67,67,68,68,68,69,69,69,70,70,70,71,71,72,73,73,74,74,75,76,76,77,78,79,80,93,94,95,97,98,100,101,103,118,120,122,124,126,144,147,150,153,156,160,164,168,172,177,181,187,192,194,193,191,189,192,199,246,256,268,275,279,294,328,348,360,364,368,372,376,386
67,67,67,67,67,68,68,68,68,69,69,69,70,70,70,71,71,72,72,73,74,74,75,76,76,77,78,91,92,93,94,95,96,98,99,101,115,117,119,121,123,126,143,146,149,152,155,159,162,166,170,175,180,185,190,192,190,188,187,189,197,242,252,263,272,274,288,304,340,357,360,364,368,372,381
67,67,67,67,67,67,68,68,68,68,69,69,69,70,70,71,71,72,72,73,73,74,75,75,76,77,89,90,91,92,93,95,96,97,98,113,115,116,118,120,122,139,141,144,147,150,153,157,160,164,168,173,177,182,187,190,188,186,184,186,193,237,247,258,269,268,281,296,330,350,356,360,363,368,377
67,67,67,67,67,67,67,68,68,68,69,69,69,70,70,70,71,71,72,72,73,74,74,75,75,88,89,90,91,92,93,94,95,96,98,112,114,115,117,119,121,137,140,143,145,148,151,155,158,162,166,170,174,179,184,187,185,184,182,182,189,232,241,251,262,266,273,287,319,338,351,355,359,363,371
66,66,67,67,67,67,67,67,68,68,68,68,69,69,70,70,70,71,71,72,72,73,74,85,86,87,88,89,90,91,92,93,94,95,109,111,112,114,116,118,119,136,138,141,143,146,149,152,156,159,163,167,171,176,181,185,183,181,180,178,184,226,235,244,254,264,264,277,292,325,344,351,354,358,366
66,66,66,66,66,67,67,67,67,67,68,68,68,69,69,69,70,70,71,71,72,72,84,85,85,86,87,88,89,90,91,92,93,106,108,109,111,112,114,116,131,134,136,138,141,144,147,150,153,156,160,164,168,172,177,182,181,179,178,176,179,185,228,237,246,257,261,267,281,312,330,346,349,353,360
66,66,66,66,66,66,66,67,67,67,67,67,68,68,68,69,69,70,70,71,71,82,83,84,84,85,86,87,88,89,90,91,92,105,106,108,109,111,112,114,129,132,134,136,139,141,144,147,150,153,157,160,164,168,173,177,179,177,176,174,174,180,221,229,239,248,259,257,270,284,315,334,343,347,354
65,65,65,66,66,66,66,66,66,66,67,67,67,67,68,68,69,69,69,70,81,82,82,83,84,84,85,86,87,88,88,89,102,104,105,106,108,109,111,112,127,130,132,134,136,139,141,144,147,150,154,157,161,165,169,173,177,175,174,172,170,175,181,222,231,240,250,255,259,272,286,319,337,342,349
65,65,65,65,65,65,65,66,66,66,66,66,67,67,67,68,68,68,79,80,80,81,81,82,83,83,84,85,86,86,87,88,101,102,104,105,106,108,109,111,126,127,130,132,134,136,139,142,144,147,150,154,157,161,165,169,174,173,172,170,168,170,175,216,223,232,242,252,252,261,274,305,322,337,343
65,65,65,65,65,65,65,65,65,65,66,66,66,66,67,67,67,78,78,79,79,80,80,81,82,82,83,84,85,85,86,99,100,101,102,103,105,106,108,122,124,126,128,130,132,134,136,139,142,145,148,151,154,158,161,165,170,171,169,168,166,165,170,209,217,225,234,243,250,251,263,277,308,325,338
64,64,64,64,64,64,64,65,65,65,65,65,65,66,66,77,77,77,78,78,79,79,80,80,81,81,82,83,84,84,97,98,99,100,101,102,103,105,106,120,122,124,126,128,130,132,134,137,139,142,145,148,151,154,158,162,166,169,167,166,164,162,166,171,211,218,226,235,245,246,254,266,280,312,333
64,64,64,64,64,64,64,64,64,64,65,65,65,65,76,76,76,77,77,78,78,78,79,79,80,81,81,82,83,95,96,97,98,99,100,101,102,103,105,119,120,122,124,126,128,130,132,135,137,140,142,145,148,152,155,159,163,167,165,163,162,160,162,167,205,212,220,229,238,244,245,257,270,300,328
64,64,64,64,64,64,64,64,64,64,64,64,75,75,75,75,76,76,77,77,77,78,78,79,79,80,81,81,93,94,95,96,97,98,99,100,101,102,116,117,119,121,122,124,126,128,130,133,135,138,140,143,146,149,153,156,160,164,163,161,159,157,158,163,200,207,215,223,232,241,240,249,261,274,323
63,63,63,63,63,63,63,63,64,64,74,74,74,75,75,75,75,76,76,76,77,77,78,78,79,79,80,92,92,93,94,95,96,97,98,99,100,113,115,116,118,119,121,123,125,127,129,131,133,136,139,141,144,147,150,154,157,161,160,158,157,155,155,160,197,203,210,218,226,235,238,243,254,267,313
63,63,63,63,63,63,63,63,73,73,74,74,74,74,74,75,75,75,76,76,76,77,77,78,78,90,90,91,92,93,93,94,95,96,97,98,99,113,114,115,117,118,120,122,124,126,128,130,132,135,137,140,143,146,149,152,156,159,158,156,154,152,153,157,193,200,207,214,222,231,236,238,248,260,305
63,63,63,63,63,73,73,73,73,73,73,74,74,74,74,75,75,75,75,76,76,77,77,78,89,89,90,91,91,92,93,94,95,96,97,109,111,112,113,115,116,118,119,121,123,125,127,129,131,134,136,139,141,144,147,151,154,157,155,153,151,149,151,156,191,197,204,211,219,228,233,234,244,256,299
63,63,63,73,73,73,73,73,73,73,73,74,74,74,74,74,75,75,75,76,76,76,87,88,89,89,90,91,91,92,93,94,94,95,108,109,110,112,113,114,116,117,119,121,123,124,126,128,131,133,135,138,141,144,147,150,153,154,152,150,148,146,150,154,190,196,203,210,217,226,230,232,242,253,296
64,73,73,73,73,73,73,73,73,73,73,74,74,74,74,74,75,75,75,76,87,87,87,88,89,89,90,90,91,92,93,94,94,107,108,109,110,112,113,114,116,117,119,121,122,124,126,128,131,133,135,138,141,143,146,150,152,150,148,146,145,146,150,154,189,195,202,209,217,225,227,231,241,252,294
73,73,73,73,73,73,73,73,73,73,74,74,74,74,74,75,75,75,86,86,87,87,88,88,89,89,90,91,91,92,93,105,106,107,108,109,110,112,113,114,116,117,119,121,123,124,126,129,131,133,135,138,141,144,147,150,148,147,145,143,142,146,150,184,190,196,202,209,217,225,224,231,241,253,295
73,73,73,73,73,73,73,73,74,74,74,74,74,74,75,75,85,86,86,86,87,87,88,88,89,90,90,91,92,92,104,105,106,107,108,110,111,112,113,115,116,118,120,121,123,125,127,129,131,134,136,139,141,144,147,147,145,143,141,139,143,147,180,185,191,197,203,211,218,223,223,233,243,255,297
74,74,74,74,74,74,74,74,74,74,74,74,74,85,85,85,86,86,86,87,87,88,88,89,89,90,91,91,103,104,105,106,107,108,109,110,112,113,114,116,117,119,120,122,124,126,128,130,132,135,137,140,143,145,144,142,141,139,137,140,144,176,181,187,193,199,206,213,221,219,226,236,246,273,302
74,74,74,74,74,74,74,74,74,74,75,85,85,85,86,86,86,87,87,87,88,88,89,90,90,102,102,103,104,105,106,107,108,109,110,111,112,114,115,117,118,120,121,123,125,127,129,131,134,136,139,141,144,142,140,138,136,135,139,142,174,179,184,190,196,202,209,216,217,221,230,240,265,278,302
75,74,74,74,74,75,75,75,85,85,85,85,86,86,86,87,87,87,88,88,89,89,90,101,102,102,103,104,105,106,107,108,109,110,111,112,114,115,116,118,119,121,123,125,127,129,131,133,135,138,140,142,140,137,136,134,134,138,141,172,177,182,187,193,199,206,213,215,217,226,236,246,272,286,301
75,75,75,75,75,85,85,85,85,86,86,86,86,87,87,87,88,88,88,89,89,101,101,102,103,103,104,105,106,107,108,109,110,111,112,114,115,116,118,119,121,123,124,126,128,130,133,135,137,140,139,137,135,133,131,134,137,140,171,175,180,186,191,197,204,211,213,215,223,232,242,268,280,295,300
76,76,86,86,86,86,86,86,86,86,87,87,87,87,88,88,89,89,100,100,101,102,102,103,104,104,105,106,107,108,109,110,111,112,114,115,116,118,119,121,123,124,126,128,130,132,135,137,138,136,134,132,130,130,133,137,166,170,175,179,185,190,196,202,209,210,213,221,230,240,264,277,291,294,300
86,86,86,86,86,86,87,87,87,87,87,88,88,88,89,89,100,100,101,101,102,103,103,104,105,106,107,107,108,109,111,112,113,114,115,117,118,120,121,123,125,126,128,130,133,135,137,135,133,131,129,128,130,133,137,166,170,174,179,184,189,195,201,208,208,212,220,228,238,262,274,288,292,294,300
87,87,87,87,87,87,87,88,88,88,88,89,89,99,100,100,101,101,102,103,103,104,105,105,106,107,108,109,110,111,112,113,114,116,117,119,120,122,123,125,127,129,131,133,135,134,132,129,127,125,128,131,134,162,166,170,174,179,184,189,195,201,207,205,211,219,227,237,260,272,285,289,292,294,300
88,88,88,88,88,88,88,88,89,89,89,100,100,101,101,101,102,103,103,104,104,105,106,107,108,108,109,110,111,113,114,115,116,118,119,120,122,124,125,127,129,131,133,133,130,128,126,124,126,128,131,158,162,166,170,174,179,184,189,195,201,204,203,210,218,227,236,259,271,284,287,289,292,294,301
88,88,88,89,89,89,89,89,100,100,100,101,101,102,102,103,103,104,104,105,106,106,107,108,109,110,111,112,113,114,115,117,118,119,121,122,124,126,128,130,132,132,129,127,125,123,124,126,129,131,158,162,166,170,174,179,184,189,194,200,201,203,210,218,226,248,258,270,282,284,287,289,292,295,301
89,89,89,89,89,100,100,100,101,101,101,102,102,103,103,104,104,105,106,106,107,108,109,109,110,111,112,114,115,116,117,118,120,121,123,125,126,128,130,130,128,125,123,121,122,124,126,129,155,159,162,166,170,174,179,184,189,194,200,198,203,210,217,226,247,257,269,280,282,285,287,290,293,296,302
90,90,90,100,100,101,101,101,101,102,102,103,103,104,104,105,105,106,107,107,108,109,110,111,112,113,114,115,116,118,119,120,122,123,125,127,128,129,127,124,122,120,120,122,124,127,152,155,159,162,166,170,174,179,183,189,194,197,196,202,209,217,225,246,256,267,277,280,282,285,288,290,293,296,303
100,100,101,101,101,101,102,102,102,103,103,104,104,105,105,106,106,107,108,109,109,110,111,112,113,114,115,117,118,119,121,122,123,125,127,128,126,123,121,118,118,120,122,124,149,152,155,159,162,166,170,174,178,183,188,193,195,195,202,208,216,224,244,254,265,275,277,280,282,285,288,290,293,296,303
101,101,101,102,102,102,102,103,103,103,104,104,105,106,106,107,107,108,109,110,111,111,112,113,114,116,117,118,119,121,122,124,125,127,125,122,120,117,116,118,120,122,124,149,152,155,158,162,165,169,173,178,182,187,192,192,194,200,207,214,222,242,252,263,272,275,277,279,281,284,287,290,293,296,303
101,102,102,102,102,103,103,103,104,104,105,105,106,106,107,108,108,109,110,111,112,113,113,115,116,117,118,119,121,122,123,125,124,121,119,116,114,116,118,120,122,146,148,151,154,157,161,164,168,172,176,181,186,191,190,192,199,205,212,220,240,249,259,270,271,274,277,279,281,284,287,290,293,296,303
102,102,102,103,103,103,104,104,104,105,105,106,106,107,108,108,109,110,111,111,112,113,114,115,117,118,119,120,122,123,124,121,118,115,113,114,116,117,119,142,145,148,150,153,156,160,163,167,171,175,179,184,189,187,190,196,202,209,217,236,245,255,266,269,271,273,276,278,280,283,286,290,292,295,313
102,102,103,103,103,104,104,104,105,105,106,106,107,107,108,109,110,110,111,112,113,114,115,116,117,119,120,121,123,120,117,115,112,111,113,115,117,118,141,144,146,149,152,155,158,161,165,169,173,177,182,187,185,188,193,199,206,213,232,240,250,260,266,268,270,272,274,277,280,282,285,288,291,295,329
102,103,103,103,103,104,104,105,105,106,106,107,107,108,109,109,110,111,112,113,114,115,116,117,118,119,120,120,117,114,112,109,111,112,114,116,138,140,142,145,147,150,153,156,159,163,166,170,174,179,183,183,184,189,195,201,208,226,235,243,253,262,264,266,269,270,273,275,278,281,284,287,290,294,341
102,103,103,103,104,104,104,105,105,106,106,107,107,108,109,109,110,111,112,113,114,115,116,117,118,119,118,115,112,109,108,109,111,113,114,136,138,140,143,145,148,151,154,157,160,164,167,171,175,180,181,180,185,191,197,203,210,228,236,245,255,261,262,265,266,269,272,274,276,279,282,285,289,292,349
102,103,103,103,103,104,104,105,105,106,106,107,107,108,109,109,110,111,112,113,114,115,116,117,118,115,112,109,106,107,108,109,111,113,134,136,138,140,143,145,148,151,154,157,160,164,167,171,175,180,178,180,186,191,197,203,221,229,237,246,256,259,260,263,264,267,269,271,274,277,280,283,286,290,353
102,102,103,103,103,104,104,104,105,105,106,106,107,108,108,109,110,111,112,112,113,114,116,116,113,110,107,104,105,106,108,109,111,132,134,136,138,140,142,145,148,150,153,156,160,163,167,171,175,176,175,180,185,190,196,203,220,228,236,245,254,256,258,260,262,264,266,269,272,275,277,281,284,287,350
102,102,102,103,103,103,104,104,104,105,105,106,107,107,108,109,109,110,111,112,113,114,115,111,108,105,102,103,104,106,107,108,129,131,133,135,137,139,142,144,147,150,152,156,159,162,166,170,174,173,174,179,184,189,195,201,218,226,234,243,251,253,255,257,259,261,264,266,269,271,274,277,280,284,343
101,101,102,102,102,103,103,103,104,104,105,105,106,107,107,108,109,109,110,111,112,113,109,106,103,100,101,102,104,105,106,126,128,130,132,134,136,138,140,143,145,148,151,154,157,161,164,168,172,170,172,177,182,187,192,199,216,223,231,240,249,250,252,254,256,258,260,263,265,268,271,274,277,280,331
101,101,101,101,102,102,102,103,103,104,104,105,105,106,106,107,108,109,109,110,111,108,104,101,98,99,100,101,102,104,123,125,127,129,130,132,134,137,139,141,144,146,149,152,155,159,162,166,169,167,169,174,179,184,189,195,212,219,227,235,245,247,249,250,253,255,257,259,262,264,267,270,273,276,315
100,100,100,100,101,101,101,102,102,103,103,104,104,105,105,106,107,108,108,109,107,103,100,96,97,98,99,100,101,102,122,124,125,127,129,131,133,135,137,139,142,144,147,150,153,156,159,163,167,164,166,171,175,180,186,191,208,215,222,230,239,243,245,247,249,251,253,256,257,260,263,266,268,271,296
99,99,99,100,100,100,100,101,101,102,102,103,103,104,104,105,106,106,107,106,102,99,95,95,96,96,97,98,100,119,120,122,123,125,127,129,130,132,135,137,139,142,144,147,150,153,156,160,163,162,163,167,171,176,181,187,192,209,216,224,232,240,241,243,245,247,249,251,254,256,259,261,264,267,277
98,98,98,99,99,99,99,100,100,100,101,101,102,102,103,104,104,105,106,102,98,94,92,93,94,95,96,97,98,117,118,120,121,123,125,126,128,130,132,134,137,139,141,144,147,150,153,156,160,160,159,163,167,172,176,182,187,203,210,217,225,234,238,239,241,243,245,247,249,251,254,256,259,262,268
97,97,97,97,98,98,98,99,99,99,100,100,101,101,102,102,103,103,101,97,93,90,91,92,92,93,94,95,114,115,116,118,119,121,122,124,126,128,130,132,134,136,138,141,144,147,150,153,156,157,155,159,163,167,172,176,182,197,204,211,218,226,234,235,237,238,241,243,244,247,249,252,254,257,263
96,96,96,96,97,97,97,97,98,98,98,99,99,100,100,101,101,101,96,92,88,88,89,90,91,92,92,93,112,113,114,116,117,118,120,122,123,125,127,129,131,133,135,138,140,143,146,149,152,155,153,154,158,162,167,171,176,181,197,204,211,218,226,231,233,234,236,238,240,242,245,247,249,252,257
95,95,95,95,95,96,96,96,96,97,97,97,98,98,99,99,100,96,91,87,86,87,88,88,89,90,91,109,110,111,112,113,115,116,118,119,121,122,124,126,128,130,132,135,137,140,142,145,148,151,151,150,154,157,162,166,170,175,191,197,203,210,218,226,229,230,232,233,236,238,240,241,244,246,252
94,94,94,94,94,94,95,95,95,95,96,96,96,97,97,98,96,91,86,84,85,85,86,87,87,88,89,107,108,109,110,111,112,114,115,117,118,120,122,123,125,127,129,131,134,136,139,141,144,147,149,147,149,153,157,161,165,170,175,190,196,203,210,217,225,226,228,229,231,233,235,237,239,242,247
93,93,93,93,93,93,93,94,94,94,94,95,95,96,96,95,90,85,82,83,83,84,84,85,86,86,104,105,106,107,108,109,110,112,113,114,116,117,119,121,122,124,126,128,131,133,135,138,141,143,147,145,145,148,152,156,160,164,169,174,190,196,202,209,217,222,224,225,227,229,230,232,235,237,242
92,92,92,92,92,92,92,93,93,93,93,94,94,94,95,89,83,80,81,81,82,82,83,83,84,101,102,103,104,105,106,107,108,109,111,112,113,115,116,118,120,122,124,125,128,130,132,135,137,140,143,142,141,144,148,151,155,159,164,168,183,189,195,202,209,217,220,221,223,224,226,228,230,232,237
91,91,91,91,91,91,91,91,92,92,92,92,93,93,87,81,79,79,79,80,80,81,81,82,99,100,100,101,102,103,104,105,106,107,109,110,111,113,114,116,117,119,121,123,125,127,129,131,134,137,139,140,138,140,144,147,151,155,159,163,168,183,189,195,202,209,215,217,219,220,222,224,226,227,232
90,90,90,90,90,90,90,90,91,91,91,91,92,85,78,77,77,78,78,79,79,80,80,97,97,98,99,100,101,102,102,103,105,106,107,108,109,111,112,114,115,117,119,120,122,124,126,129,131,134,136,138,136,137,140,143,147,151,155,159,163,178,183,189,196,203,210,213,214,216,218,219,221,223,227
89,89,89,89,89,89,89,89,90,90,90,90,82,76,76,76,76,77,77,78,78,78,95,96,96,97,98,98,99,100,101,102,103,104,105,106,108,109,110,112,113,115,116,118,120,122,124,126,128,131,133,135,133,134,137,140,143,147,151,155,159,173,179,184,190,197,204,209,211,213,214,216,217,219,224
88,88,88,88,88,88,89,89,89,89,86,76,74,75,75,75,75,76,76,77,77,93,94,94,95,96,96,97,98,99,100,101,102,103,104,105,106,107,109,110,112,113,115,116,118,120,122,124,126,129,131,132,130,131,134,137,140,144,148,151,156,160,175,180,186,192,199,206,208,209,211,212,213,215,219
88,88,88,88,88,88,88,88,88,79,73,73,74,74,74,74,75,75,75,76,92,92,93,93,94,95,95,96,97,98,99,100,100,101,103,104,105,106,107,109,110,112,113,115,117,118,120,122,124,127,129,129,127,129,132,135,138,141,145,149,153,157,171,176,182,188,194,201,204,206,207,209,210,212,215
87,87,87,87,87,87,87,83,72,73,73,73,73,73,73,74,74,74,90,91,91,92,92,93,93,94,95,95,96,97,98,99,100,101,102,103,104,105,106,108,109,110,112,114,115,117,119,121,123,125,128,126,125,128,130,133,136,139,143,147,150,164,169,174,179,185,191,198,201,203,204,205,207,209,213
87,87,87,87,87,87,72,72,72,72,72,72,73,73,73,73,89,89,90,90,91,91,92,92,93,93,94,95,95,96,97,98,99,100,101,102,103,104,105,107,108,110,111,113,114,116,118,120,122,124,124,122,124,126,129,132,135,138,141,145,149,162,167,172,177,183,189,196,198,200,201,202,204,206,209
87,86,86,86,71,71,71,72,72,72,72,72,72,72,88,88,89,89,89,90,90,91,91,92,92,93,94,94,95,96,97,97,98,99,100,101,103,104,105,106,108,109,111,112,114,116,117,119,121,123,120,121,123,126,128,131,134,137,141,144,148,161,166,171,176,182,188,194,196,197,199,200,201,203,207
86,71,71,71,71,71,71,71,71,72,72,72,87,87,88,88,88,89,89,89,90,90,91,91,92,93,93,94,95,96,96,97,98,99,100,101,102,104,105,106,107,109,110,112,114,115,117,119,120,118,118,121,123,125,128,131,134,137,140,144,157,161,166,170,176,181,187,193,194,195,197,198,199,201,204
71,71,71,71,71,71,71,71,71,87,87,87,87,87,88,88,88,89,89,89,90,90,91,91,92,93,93,94,95,96,96,97,98,99,100,101,102,104,105,106,107,109,110,112,114,115,117,118,116,116,118,121,123,126,128,131,134,137,141,144,157,161,166,171,176,182,188,190,192,193,194,196,197,199,202
71,71,71,71,71,71,71,86,86,87,87,87,87,87,88,88,88,89,89,90,90,91,91,92,92,93,94,94,95,96,97,98,98,99,100,102,103,104,105,106,108,109,111,112,114,116,116,113,115,117,119,121,124,126,129,132,135,138,142,154,158,163,167,172,178,184,188,189,190,191,193,194,196,197,200
71,71,71,71,86,86,86,87,87,87,87,87,87,88,88,88,89,89,89,90,90,91,91,92,93,93,94,95,95,96,97,98,99,100,101,102,103,105,106,107,109,110,112,113,115,113,112,114,116,118,120,122,125,127,130,133,136,148,152,156,160,165,169,175,180,185,186,187,188,190,191,192,194,195,199
72,77,87,87,87,87,87,87,87,87,87,88,88,88,88,89,89,89,90,90,91,91,92,93,93,94,95,95,96,97,98,99,100,101,102,103,104,105,107,108,110,111,113,112,110,111,113,115,117,119,121,124,126,129,132,135,147,150,154,158,163,167,172,178,183,183,185,186,187,188,190,191,193,194,198
87,87,87,87,87,87,87,87,87,88,88,88,88,89,89,89,90,90,91,91,92,92,93,93,94,95,95,96,97,98,99,100,101,102,103,104,105,107,108,109,111,111,108,109,111,113,115,117,119,121,123,126,128,131,134,146,149,153,157,161,166,170,176,180,181,182,183,184,186,187,188,190,191,193,196
87,87,87,87,87,87,88,88,88,88,88,89,89,89,90,90,90,91,91,92,92,93,93,94,95,96,96,97,98,99,100,101,102,103,104,105,107,108,109,109,107,107,109,111,112,114,116,118,121,123,125,128,131,142,145,148,152,156,160,165,169,174,178,179,180,181,182,183,185,186,188,189,191,192,196
88,88,88,88,88,88,88,88,89,89,89,89,90,90,90,91,91,92,92,93,93,94,94,95,96,97,97,98,99,100,101,102,103,104,105,107,108,108,106,106,108,109,111,113,114,116,118,121,123,125,128,131,141,145,148,152,156,160,164,169,174,176,177,178,179,180,181,182,184,185,186,188,190,191,195
88,88,88,88,89,89,89,89,89,90,90,90,90,91,91,92,92,93,93,94,94,95,95,96,97,98,99,99,100,101,102,103,105,106,107,106,104,105,106,108,109,111,113,115,117,119,121,123,125,128,138,141,145,148,152,155,159,164,168,173,174,175,175,177,178,179,180,181,183,184,186,187,189,190,195
89,89,89,89,89,89,90,90,90,90,91,91,91,92,92,93,93,94,94,95,95,96,97,97,98,99,100,101,102,103,104,105,106,105,103,104,105,107,108,110,111,113,115,117,119,121,123,126,136,139,142,145,148,152,155,159,164,168,171,172,173,174,174,176,177,178,180,181,182,183,185,186,189,190,194
90,90,90,90,90,90,90,91,91,91,91,92,92,93,93,94,94,95,95,96,96,97,98,99,99,100,101,102,103,104,105,103,102,103,104,106,107,109,110,112,114,115,117,119,121,124,133,136,139,142,145,148,152,156,160,164,168,169,170,171,172,173,174,175,176,177,179,180,182,183,185,186,188,190,194
90,90,90,91,91,91,91,91,92,92,92,93,93,94,94,95,95,96,96,97,98,98,99,100,101,102,103,104,104,101,101,102,103,105,106,107,109,111,112,114,116,118,120,122,124,134,136,139,142,145,148,152,156,160,164,167,167,168,169,170,171,172,173,174,175,176,178,179,181,182,184,185,187,190,193
91,91,91,91,92,92,92,92,93,93,93,94,94,95,95,96,96,97,97,98,99,100,100,101,102,103,102,99,100,102,103,104,105,106,108,109,111,113,114,116,118,120,122,131,134,137,139,142,145,149,152,156,160,164,165,166,166,167,168,169,170,171,172,173,174,175,177,178,180,181,184,185,187,189,202
92,92,92,92,92,93,93,93,93,94,94,95,95,96,96,97,97,98,99,99,100,101,102,103,101,99,100,101,102,103,104,105,107,108,110,111,113,114,116,118,120,129,132,134,137,139,142,145,148,152,155,159,163,163,164,164,165,166,167,168,169,170,171,173,174,175,177,178,179,181,183,184,186,189,217
92,92,93,93,93,93,94,94,94,95,95,95,96,96,97,98,98,99,100,100,101,102,99,98,99,100,101,102,103,104,106,107,108,110,111,113,115,116,118,127,129,131,134,136,139,142,145,148,151,155,159,161,162,162,163,164,164,165,166,167,168,169,170,171,173,174,175,177,178,180,181,184,186,196,233
93,93,93,93,94,94,94,95,95,95,96,96,97,97,98,98,99,100,101,101,97,97,98,99,100,101,102,103,104,106,107,108,110,111,113,114,116,125,127,129,131,134,136,139,141,144,148,151,154,158,159,159,160,160,161,162,163,164,165,166,167,167,169,170,171,173,174,176,178,179,181,182,192,208,249
93,94,94,94,94,95,95,95,96,96,96,97,97,98,99,99,100,100,96,97,97,98,99,100,101,102,103,104,106,107,108,110,111,113,114,116,124,126,128,131,133,135,138,141,144,147,150,153,157,157,158,158,159,159,160,161,162,162,163,164,165,167,168,169,170,172,173,174,176,178,180,186,201,219,265
94,94,94,94,95,95,95,96,96,97,97,98,98,99,99,99,95,96,97,97,98,99,100,101,102,103,104,105,107,108,109,111,112,114,122,124,126,128,130,132,134,137,140,142,145,148,152,155,155,156,156,157,157,158,159,159,160,161,162,163,163,165,166,167,168,170,172,173,175,176,180,194,209,228,278
94,94,95,95,95,95,96,96,97,97,97,98,99,99,94,95,96,96,97,98,99,100,101,102,103,104,105,106,107,109,110,111,113,121,123,125,127,129,131,133,136,138,141,144,147,150,152,153,153,154,154,155,155,156,157,158,159,159,160,161,162,163,164,166,167,168,170,172,173,175,185,199,216,236,289
94,95,95,95,95,96,96,96,97,97,98,98,94,94,95,95,96,97,98,98,99,100,101,102,103,104,105,106,108,109,110,118,120,122,123,125,127,129,131,134,136,139,142,144,147,150,151,151,151,152,152,153,153,154,155,155,156,157,158,159,160,162,163,164,165,167,168,170,172,175,188,203,220,241,296
94,95,95,95,95,96,96,97,97,97,95,93,94,94,95,96,96,97,98,98,99,100,101,102,103,104,105,107,108,109,117,118,120,122,124,125,127,130,132,134,137,139,142,145,148,148,148,149,149,150,151,151,151,152,153,153,154,155,156,157,158,160,161,162,163,164,166,167,169,177,189,204,222,243,300
94,95,95,95,95,96,96,97,96,92,93,93,94,94,95,96,96,97,98,98,99,100,101,102,103,104,105,107,108,115,117,118,120,122,124,125,127,129,132,134,136,139,142,145,146,146,146,147,147,148,148,149,149,150,150,151,152,153,154,155,156,157,158,160,161,162,163,166,167,176,189,204,221,242,298
94,95,95,95,95,96,96,92,92,92,93,93,94,94,95,95,96,97,97,98,99,100,101,102,103,104,105,106,114,115,116,118,120,121,123,125,127,129,131,134,136,139,141,144,144,144,144,145,145,146,146,146,147,148,148,149,150,151,152,153,154,155,156,157,158,159,161,163,164,174,186,201,218,238,292
94,94,95,95,95,95,91,91,91,92,92,93,93,94,94,95,96,96,97,98,99,100,100,101,102,104,105,112,113,114,116,117,119,121,122,124,126,128,130,133,135,138,140,142,141,141,142,143,143,143,143,144,145,145,146,146,147,148,149,150,151,152,153,154,155,157,159,160,161,170,182,196,212,231,283
94,94,94,94,92,90,90,91,91,91,92,92,93,93,94,94,95,96,97,97,98,99,100,101,102,103,110,111,112,114,115,117,118,120,121,123,125,127,129,131,134,136,139,139,139,140,140,140,140,141,141,141,142,143,144,144,145,145,146,147,148,149,150,151,153,154,155,157,158,165,177,190,205,223,270
93,94,94,89,89,89,90,90,90,91,91,92,92,93,93,94,95,95,96,97,97,98,99,100,101,108,109,110,111,113,114,115,117,119,120,122,124,126,128,130,132,135,137,137,137,137,138,137,138,138,139,139,139,140,141,142,142,143,144,145,146,147,148,149,150,151,152,153,155,160,170,182,196,213,255
93,93,88,88,89,89,89,90,90,90,91,91,92,92,93,93,94,94,95,96,97,97,98,99,106,107,108,109,110,111,113,114,116,117,119,121,122,124,126,128,131,133,134,134,135,134,135,135,135,136,136,136,137,138,138,138,139,140,141,142,142,143,144,145,146,147,149,150,151,153,163,174,187,202,240
93,88,88,88,88,88,89,89,89,90,90,90,91,91,92,92,93,94,94,95,96,96,97,104,105,106,107,108,109,110,111,113,114,116,117,119,121,122,124,126,129,131,132,132,132,132,132,133,132,133,134,134,134,135,135,136,137,137,138,138,139,141,142,142,143,144,145,147,148,150,155,165,177,190,224
87,87,87,87,88,88,88,88,89,89,89,90,90,91,91,92,92,93,93,94,95,95,96,103,103,104,105,106,108,109,110,111,113,114,116,117,119,121,123,124,126,129,129,129,130,129,130,130,130,131,131,131,132,132,132,133,134,134,135,136,136,137,138,139,140,141,142,143,144,146,147,157,167,179,209
86,87,87,87,87,87,87,88,88,88,89,89,89,90,90,91,91,92,92,93,94,94,101,101,102,103,104,105,106,107,109,110,111,113,114,116,117,119,121,122,124,126,127,127,127,127,127,127,128,128,128,129,129,129,130,130,131,132,132,133,134,134,135,136,137,138,139,140,141,142,143,148,158,168,195
86,86,86,86,86,87,87,87,87,87,88,88,88,89,89,90,90,91,91,92,93,99,99,100,101,102,103,104,105,106,107,108,110,111,112,114,115,117,119,120,122,124,125,124,125,124,125,125,125,125,126,126,126,127,127,127,128,128,129,130,130,131,132,132,133,134,136,137,137,138,140,141,149,158,182
85,85,86,86,86,86,86,86,87,87,87,87,88,88,89,89,89,90,90,91,97,98,98,99,100,101,102,103,104,105,106,107,108,109,111,112,114,115,117,118,120,122,123,122,123,122,123,122,123,123,123,123,124,124,124,125,125,126,126,127,128,128,129,130,130,131,132,133,134,135,136,137,141,149,170
85,85,85,85,85,85,86,86,86,86,86,87,87,87,88,88,89,89,90,90,96,97,97,98,99,100,101,101,102,103,104,106,107,108,109,111,112,113,115,117,118,120,120,120,120,120,120,120,120,120,121,121,121,121,122,122,122,123,123,124,124,125,126,126,127,128,129,130,131,132,133,134,135,141,160
85,85,85,85,85,85,85,85,85,86,86,86,86,87,87,88,88,88,89,95,95,96,96,97,98,99,100,100,101,102,103,104,105,107,108,109,110,112,113,115,117,118,118,118,118,118,118,118,118,118,118,118,119,118,119,119,120,120,121,121,122,122,123,124,124,125,126,126,128,129,130,130,132,134,151
84,84,84,84,84,85,85,85,85,85,85,86,86,86,87,87,87,88,93,94,95,95,96,96,97,98,99,99,100,101,102,103,104,105,107,108,109,111,112,114,115,116,116,115,116,116,115,116,115,116,116,116,116,116,117,117,117,117,118,118,119,119,120,121,121,122,123,124,125,125,127,128,128,129,144
84,84,84,84,84,84,84,84,85,85,85,85,86,86,86,86,92,92,93,93,94,94,95,96,96,97,98,99,100,100,101,102,103,104,106,107,108,109,111,112,114,114,113,114,113,113,113,113,113,113,113,114,113,114,114,115,115,115,116,116,117,117,118,118,119,119,120,121,121,123,123,124,126,127,138
84,84,84,84,84,84,84,84,84,85,85,85,85,86,86,91,92,92,93,93,94,94,95,95,96,97,97,98,99,100,101,102,103,104,105,106,107,109,110,111,112,112,112,111,112,111,111,111,111,111,111,111,112,111,112,112,112,113,113,114,114,114,115,115,116,117,117,118,119,120,120,122,123,123,133
84,84,84,84,84,84,84,84,84,84,85,85,85,85,91,91,91,92,92,93,93,94,94,95,96,96,97,98,99,99,100,101,102,103,104,105,107,108,109,111,110,110,110,109,109,109,109,109,109,109,109,109,109,110,110,110,110,110,111,111,112,112,112,113,113,115,115,116,116,117,118,119,120,120,130
84,84,84,84,84,84,84,84,84,85,85,85,90,90,91,91,91,92,92,93,93,94,94,95,95,96,97,98,98,99,100,101,102,103,104,105,106,108,109,109,108,108,108,107,108,107,107,107,107,107,107,107,107,108,108,108,108,108,109,109,109,110,110,111,112,112,113,113,114,115,116,116,117,118,128
84,84,84,84,84,84,84,84,85,85,85,90,90,91,91,91,92,92,92,93,93,94,94,95,96,96,97,98,98,99,100,101,102,103,104,105,106,107,107,106,107,106,106,106,106,105,105,105,105,105,106,105,105,106,106,106,107,106,107,107,107,108,109,109,110,110,110,111,111,113,113,114,115,116,126
85,85,85,85,85,85,85,85,85,90,90,90,91,91,91,92,92,92,93,93,94,94,95,95,96,96,97,98,99,99,100,101,102,103,104,105,106,105,105,105,104,104,104,104,104,104,103,103,104,104,103,104,104,104,104,104,104,104,105,105,105,106,106,107,108,108,108,109,109,111,111,112,113,115,127
85,85,85,85,85,85,85,90,90,91,91,91,91,91,92,92,92,93,93,94,94,95,95,96,96,97,98,98,99,100,101,102,103,104,105,105,104,103,103,103,103,102,103,102,102,102,102,102,101,102,102,102,102,102,102,102,103,103,103,103,104,104,104,105,106,106,107,107,108,109,109,110,111,116,128
86,86,86,86,86,91,91,91,91,91,91,92,92,92,92,93,93,93,94,94,95,95,96,96,97,98,98,99,100,101,102,103,104,104,103,103,103,102,102,102,101,101,101,101,100,100,100,100,100,100,100,100,100,100,101,101,101,101,102,102,102,103,103,103,104,105,105,106,106,107,108,108,113,118,130
