76,76,76,76,76,76,76,76,77,77,77,77,77,77,78,78,78,78,78,79,79,79,79,80,80,80,81,81,81,81,82,82,82,83,83,84,84,84,85,85,85,86,86,87,87,88,88,89,89,90,90,91,91,92,93,93,94,94,95,96,96,97,98,99,99,100,101,102,103,103,104,105,106,105,104,103,102,101,101,100,99,100,101,102,104,105,106,107,108,110,111,112,114,115,117,118,120,122,123,125,127,127,127,126,125,125,124,124,123,125,127,129,132,134,137,140,143,146,149,153,155,154,154,153,153,153,152,153,158,162,168,173,179,185,185,185,184,184,184,183,192,201,212,218,217,217,217,217,221,240
78,78,78,78,78,79,79,79,79,79,79,80,80,80,80,81,81,81,81,82,82,82,83,83,83,84,84,84,85,85,85,86,86,87,87,87,88,88,89,89,90,90,91,91,92,92,93,93,94,95,95,96,97,97,98,99,99,100,101,102,102,103,104,105,104,103,102,102,101,100,99,98,99,100,101,102,103,104,105,106,108,109,110,112,113,114,116,117,119,120,122,124,125,126,125,124,124,123,123,122,121,122,125,127,129,131,134,136,139,142,145,148,151,153,152,152,151,151,150,150,151,156,160,165,170,176,181,183,183,182,182,181,181,186,195,204,214,215,215,214,214,214,225,243,248,248,248,248,252,283
80,80,80,80,80,81,81,81,81,81,82,82,82,82,83,83,83,83,84,84,84,85,85,85,86,86,87,87,87,88,88,89,89,89,90,90,91,91,92,92,93,93,94,95,95,96,96,97,98,98,99,100,101,101,102,103,104,104,103,102,101,100,99,98,97,97,98,99,100,101,102,103,104,105,106,108,109,110,111,113,114,115,117,118,120,121,123,124,124,123,122,122,121,121,120,120,122,124,126,128,130,132,135,138,140,143,146,149,151,150,150,149,149,148,148,148,152,157,161,166,171,176,181,180,180,180,179,179,179,186,194,203,213,213,212,212,212,211,222,239,246,246,245,245,245,279,280,280,280,280
81,81,81,81,81,82,82,82,82,82,83,83,83,83,84,84,84,85,85,85,85,86,86,86,87,87,88,88,88,89,89,90,90,91,91,91,92,92,93,94,94,95,95,96,96,97,98,98,99,100,100,101,102,102,103,102,101,100,99,98,97,96,96,97,98,99,100,101,101,102,103,105,106,107,108,109,110,111,113,114,115,117,118,120,121,123,122,121,121,120,119,119,118,118,119,121,123,125,127,130,132,134,137,139,142,145,148,148,148,147,147,146,146,145,147,151,155,159,163,168,173,178,178,178,177,177,176,176,182,189,197,207,210,210,209,209,209,212,227,243,243,243,243,243,252,277,277,277,277,287
81,81,81,81,81,82,82,82,82,82,83,83,83,83,83,84,84,84,84,85,85,85,86,86,86,87,87,87,88,88,88,89,89,90,90,91,91,91,92,92,93,93,94,95,95,96,96,97,97,98,99,99,100,101,101,102,101,99,98,97,96,96,95,95,96,97,97,98,99,100,101,102,103,104,105,106,107,108,109,111,112,113,114,116,117,119,120,121,120,119,118,118,117,116,116,116,118,120,121,123,125,128,130,132,134,137,139,142,145,146,146,145,145,144,144,143,143,147,150,154,159,163,168,172,176,175,175,175,174,174,174,180,188,196,205,207,207,207,207,206,209,223,239,240,240,240,240,244,275,274
80,80,80,81,81,81,81,81,81,81,82,82,82,82,82,83,83,83,83,83,84,84,84,85,85,85,85,86,86,86,87,87,87,88,88,88,89,89,90,90,90,91,91,92,92,93,93,94,94,95,95,96,97,97,98,98,99,100,100,99,98,97,96,95,94,93,93,94,95,95,96,97,98,99,100,101,102,103,103,105,106,107,108,109,110,111,113,114,115,117,118,118,118,117,116,115,115,114,114,114,115,117,119,121,123,125,127,129,131,133,136,138,141,143,144,143,143,142,141,141,140,142,145,149,152,156,161,165,170,173,173,172,172,172,171,171,177,184,192,200,205,205,204,204,204,203,216,230,238,238
79,79,80,80,80,80,80,80,80,80,80,81,81,81,81,81,81,82,82,82,82,82,83,83,83,83,83,84,84,84,85,85,85,85,86,86,86,87,87,87,88,88,89,89,89,90,90,91,91,92,92,93,93,94,94,95,95,96,96,97,98,98,97,96,95,94,93,92,91,91,92,92,93,94,94,95,96,97,98,99,100,100,101,102,103,104,105,107,108,109,110,111,112,114,115,116,115,115,114,113,113,112,111,111,112,114,115,117,119,121,123,125,127,129,131,133,136,138,141,141,140,140,139,139,138,138,139,142,145,149,153,157,161,166,170,170,170,169,169,169,168,171,178,185,193,201,202,202,201,201
78,78,78,79,79,79,79,79,79,79,79,79,79,80,80,80,80,80,80,80,81,81,81,81,81,82,82,82,82,82,83,83,83,84,84,84,84,85,85,85,86,86,86,87,87,87,88,88,89,89,90,90,90,91,91,92,92,93,93,94,94,95,96,96,95,94,92,91,90,89,88,89,89,90,91,91,92,93,94,94,95,96,97,98,99,100,101,101,102,103,105,106,107,108,109,110,112,113,113,113,112,111,110,110,109,108,108,109,111,113,114,116,118,120,121,123,126,128,130,132,135,137,138,138,137,137,136,136,135,135,137,140,144,148,151,155,160,164,168,167,167,166,166,166,165,169,176,183,191,199
77,77,77,77,77,77,78,78,78,78,78,78,78,78,78,79,79,79,79,79,79,79,80,80,80,80,80,81,81,81,81,82,82,82,82,83,83,83,84,84,84,85,85,85,86,86,86,87,87,88,88,88,89,89,90,90,91,91,92,92,93,93,93,92,90,89,88,87,86,86,86,87,88,88,89,90,90,91,92,92,93,94,95,96,97,97,98,99,100,101,102,103,104,106,107,108,109,110,110,109,109,108,107,107,106,105,105,107,108,110,111,113,115,116,118,120,122,124,126,129,131,133,135,135,134,134,133,133,132,132,133,136,139,142,146,150,154,158,163,164,164,164,163,163,163,162,168,175,182,190
76,76,76,76,76,76,76,76,77,77,77,77,77,77,77,78,78,78,78,78,78,79,79,79,79,79,80,80,80,80,81,81,81,81,82,82,82,83,83,83,84,84,84,85,85,86,86,86,87,87,88,88,89,89,90,90,91,90,89,88,87,86,85,84,83,83,84,84,85,86,86,87,88,88,89,90,90,91,92,93,94,95,95,96,97,98,99,100,101,102,103,104,106,107,107,107,106,105,105,104,103,103,102,102,104,105,107,108,110,112,113,115,117,119,121,123,125,128,130,132,132,131,131,130,130,129,129,129,132,135,138,142,145,149,154,158,162,161,161,160,160,160,159,161,168,175,183,191,193,193
75,75,75,75,75,75,75,76,76,76,76,76,76,76,77,77,77,77,77,78,78,78,78,79,79,79,79,80,80,80,80,81,81,81,82,82,82,83,83,84,84,84,85,85,86,86,86,87,87,88,87,86,85,84,83,82,81,80,80,81,81,82,83,83,84,84,85,86,86,87,88,89,89,90,91,92,93,93,94,95,96,97,98,99,100,101,102,104,104,104,103,102,102,101,100,100,99,99,100,102,103,104,106,108,109,111,113,115,116,118,121,123,125,127,129,129,128,128,127,127,126,126,125,128,131,135,138,142,146,150,154,159,158,158,157,157,157,156,157,163,170,178,186,190,190,190,189,189,189,197
74,74,74,74,74,75,75,75,75,75,75,76,76,76,76,76,77,77,77,77,78,78,78,78,79,79,79,80,80,80,81,81,81,82,82,83,83,83,84,84,85,85,85,83,82,81,80,79,78,77,77,78,78,79,79,80,81,81,82,82,83,84,84,85,86,86,87,88,89,89,90,91,92,93,94,95,96,97,98,99,100,101,101,100,100,99,98,98,97,96,96,96,97,98,100,101,103,104,106,108,109,111,113,115,117,119,121,123,126,126,125,125,124,124,123,123,122,123,126,130,133,136,140,144,148,153,155,155,155,154,154,154,153,155,161,169,176,185,187,187,187,186,186,186,196,212,221,220,220,220
73,73,73,74,74,74,74,74,74,75,75,75,75,76,76,76,76,77,77,77,77,78,78,78,79,79,79,80,80,80,81,81,82,82,82,83,81,80,79,78,77,76,75,74,75,75,76,76,77,77,78,78,79,80,80,81,81,82,83,83,84,85,85,86,87,88,89,89,90,91,92,93,94,95,96,97,98,98,97,97,96,95,95,94,93,93,92,94,95,96,98,99,101,102,104,105,107,109,111,112,114,116,119,121,123,123,122,122,121,121,120,120,119,120,123,126,130,133,137,141,145,149,152,152,152,151,151,151,150,150,156,163,171,180,184,184,184,184,183,183,188,203,218,218,217,217,217,217,252,252
72,72,73,73,73,73,73,73,74,74,74,74,75,75,75,75,76,76,76,76,77,77,77,78,78,78,79,79,79,80,80,80,79,78,77,76,75,74,73,72,72,73,73,74,74,75,75,76,76,77,77,78,78,79,80,80,81,81,82,83,83,84,85,86,86,87,88,89,90,91,92,92,93,94,95,95,94,94,93,92,92,91,91,90,90,91,92,93,95,96,97,99,100,102,103,105,107,109,111,112,114,117,119,120,119,119,118,118,118,117,117,116,118,121,124,127,130,134,138,142,146,149,149,149,148,148,148,147,147,152,159,167,175,181,181,181,181,180,180,181,196,214,215,215,214,214,214,242,249,249
71,72,72,72,72,72,72,72,73,73,73,73,73,74,74,74,74,75,75,75,75,76,76,76,77,77,77,78,78,78,79,78,77,75,74,73,72,71,70,70,71,71,72,72,73,73,73,74,74,75,75,76,76,77,77,78,79,79,80,81,81,82,83,83,84,85,85,86,87,88,89,90,90,91,92,93,92,92,91,90,90,89,89,88,87,87,88,89,91,92,93,94,96,97,99,100,102,103,105,107,109,111,113,115,117,117,117,116,116,115,115,114,114,114,115,118,121,124,127,131,135,138,143,147,146,146,146,145,145,145,144,147,154,161,169,178,178,178,178,178,178,177,185,201,212,212,212,212,211,214
71,71,71,71,71,71,72,72,72,72,72,72,73,73,73,73,73,73,74,74,74,74,75,75,75,75,76,76,76,77,77,77,77,76,74,73,72,71,70,69,69,69,70,70,70,71,71,72,72,73,73,73,74,74,75,75,76,76,77,78,78,79,79,80,81,81,82,83,83,84,85,85,86,87,88,89,90,90,91,90,89,89,88,87,87,86,86,85,85,86,87,88,89,91,92,93,94,96,97,99,100,102,103,105,107,109,111,113,115,114,114,114,113,113,112,112,111,111,113,115,118,121,124,127,131,135,138,143,144,143,143,143,142,142,142,142,147,154,161,169,176,176,175,175,175,175,175,185,201,209
71,71,71,71,71,71,71,72,72,72,72,72,72,72,72,73,73,73,73,73,74,74,74,74,74,75,75,75,75,76,76,76,76,77,76,75,73,72,71,69,68,68,68,69,69,69,70,70,70,71,71,72,72,72,73,73,74,74,75,75,76,76,77,77,78,78,79,80,80,81,81,82,83,83,84,85,86,86,87,88,89,89,88,88,87,86,86,85,84,84,83,83,84,85,86,87,88,90,91,92,93,94,96,97,99,100,102,103,105,107,108,110,112,112,112,111,111,110,110,110,109,109,109,112,114,117,120,123,126,130,133,137,141,141,141,141,140,140,140,139,139,145,151,158,165,173,173,173,173,172
72,72,72,72,72,72,72,72,72,72,73,73,73,73,73,73,73,73,74,74,74,74,74,74,75,75,75,75,75,76,76,76,76,77,77,75,73,72,70,69,68,68,68,69,69,69,69,70,70,70,71,71,72,72,72,73,73,74,74,74,75,75,76,76,77,77,78,78,79,80,80,81,81,82,83,83,84,85,85,86,87,88,88,87,86,86,85,84,84,83,82,82,82,83,84,84,85,86,87,89,90,91,92,93,94,96,97,98,100,101,103,104,106,108,110,111,110,110,109,109,108,108,107,107,106,109,111,113,116,119,122,125,128,131,135,138,139,139,138,138,138,137,137,137,141,146,152,159,166,171
73,73,73,74,74,74,74,74,74,74,74,74,74,74,75,75,75,75,75,75,75,76,76,76,76,76,76,77,77,77,77,77,75,74,72,70,69,68,69,69,69,69,70,70,70,71,71,71,71,72,72,73,73,73,74,74,74,75,75,76,76,77,77,78,78,79,79,80,80,81,81,82,82,83,84,84,85,86,86,87,87,86,85,85,84,83,83,82,81,81,81,82,83,84,85,86,86,87,88,90,91,92,93,94,95,97,98,99,101,102,103,105,107,108,109,108,108,107,107,106,106,105,105,105,107,109,111,113,116,119,121,124,127,130,134,137,137,136,136,136,135,135,135,134,139,144,149,155,162,168
76,76,76,76,76,76,76,76,76,76,76,77,77,77,77,77,77,77,77,78,78,78,78,78,79,77,75,73,71,69,69,70,70,70,70,71,71,71,71,72,72,72,72,73,73,73,74,74,74,75,75,76,76,76,77,77,78,78,79,79,79,80,80,81,82,82,83,83,84,84,85,86,86,87,86,86,85,84,83,82,82,81,80,80,81,82,82,83,84,85,86,87,88,89,90,91,92,93,94,95,96,97,99,100,101,103,104,106,107,107,107,106,106,105,105,104,104,103,103,105,107,109,111,114,116,118,121,124,126,129,132,135,135,134,134,134,133,133,132,132,137,141,146,151,157,163,166,166,165,165
78,78,78,79,79,79,79,79,79,79,79,80,80,80,80,80,78,75,73,71,71,71,71,71,72,72,72,72,72,73,73,73,74,74,74,74,75,75,75,76,76,76,77,77,77,78,78,79,79,79,80,80,81,81,82,82,83,83,84,84,85,85,86,87,87,86,85,84,83,83,82,81,80,80,80,81,82,83,83,84,85,86,86,87,88,89,90,91,92,93,94,95,96,97,99,100,101,102,104,105,107,106,105,105,104,104,103,103,102,102,102,104,106,108,110,112,114,116,119,121,124,126,129,132,133,133,132,132,132,131,131,130,131,135,140,144,149,154,159,164,164,163,163,163,162,162,165,174,184,195
81,82,82,82,82,81,78,75,72,72,73,73,73,73,73,74,74,74,74,74,75,75,75,75,76,76,76,76,77,77,77,78,78,78,79,79,79,80,80,81,81,81,82,82,83,83,84,84,85,85,86,86,87,87,86,85,84,84,83,82,81,80,80,80,81,82,82,83,84,84,85,86,87,88,88,89,90,91,92,93,94,95,96,97,98,99,100,102,103,104,105,105,105,104,103,103,102,102,101,101,101,103,104,106,108,109,111,113,115,118,120,122,124,127,130,132,131,131,130,130,129,129,129,128,132,136,140,144,148,153,158,162,161,161,161,160,160,160,163,170,179,189,194,194,193,193,193,193,204,223
74,74,75,75,75,75,75,75,76,76,76,76,77,77,77,77,77,78,78,78,79,79,79,79,80,80,80,81,81,81,82,82,83,83,83,84,84,85,85,86,86,87,87,88,87,86,85,84,83,82,81,80,80,81,81,82,82,83,84,84,85,86,86,87,88,89,90,90,91,92,93,94,95,96,97,98,99,100,101,102,103,104,104,104,103,102,102,101,101,100,100,100,101,103,104,106,108,109,111,113,115,117,119,121,123,126,128,130,130,129,129,128,128,127,127,126,130,133,136,140,144,148,153,157,160,159,159,159,158,158,158,161,168,176,185,192,191,191,191,191,190,195,211,225,225,225,225,224,230,272
77,77,77,78,78,78,78,78,79,79,79,79,79,80,80,80,81,81,81,81,82,82,82,83,83,83,84,84,85,85,85,86,86,87,87,87,88,87,86,85,84,83,82,81,80,80,81,81,82,83,83,84,84,85,86,86,87,88,88,89,90,91,91,92,93,94,95,96,97,98,99,100,101,102,103,104,103,103,102,101,101,100,99,99,98,99,100,102,103,105,106,108,109,111,113,115,117,119,121,123,125,127,128,128,127,127,126,126,125,125,125,128,131,134,138,141,145,149,153,158,157,157,157,156,156,155,155,161,168,175,183,189,189,189,188,188,188,192,205,221,222,222,222,222,222,248,289,673,679,684
79,79,79,79,79,80,80,80,80,80,81,81,81,81,82,82,82,83,83,83,83,84,84,84,85,85,85,86,86,87,87,87,88,88,87,86,84,83,82,81,80,80,81,81,82,82,83,83,84,84,85,86,86,87,87,88,89,89,90,91,92,92,93,94,95,96,97,97,98,99,100,101,102,103,102,101,101,100,99,99,98,97,97,99,100,101,102,104,105,107,108,110,111,113,115,117,118,120,122,125,127,126,126,125,125,124,124,123,123,124,127,130,133,136,140,143,147,151,155,155,155,154,154,154,153,153,157,163,170,177,184,187,187,186,186,186,185,192,205,220,220,220,219,219,219,241,275,666,672,677
80,80,80,80,80,80,81,81,81,81,81,81,82,82,82,82,83,83,83,83,84,84,84,85,85,85,86,86,86,87,87,87,88,88,87,86,84,83,82,81,80,80,80,81,81,82,82,83,83,84,84,85,85,86,87,87,88,89,89,90,91,91,92,93,93,94,95,96,97,98,98,99,100,101,102,101,100,99,99,98,97,97,96,96,97,98,100,101,102,103,105,106,108,109,111,112,114,116,117,119,121,123,125,125,124,123,123,122,122,121,121,122,125,128,131,134,137,140,143,147,151,153,153,152,152,152,151,151,151,157,162,168,175,182,184,184,184,183,183,183,189,200,213,217,217,217,217,216,228,255
80,80,80,80,80,80,81,81,81,81,81,81,82,82,82,82,82,82,83,83,83,83,84,84,84,84,85,85,85,86,86,86,87,87,87,88,87,85,84,82,81,80,79,79,80,80,81,81,82,82,83,83,84,84,85,85,86,86,87,87,88,89,89,90,90,91,92,93,93,94,95,96,96,97,98,99,100,100,99,99,98,97,96,96,95,94,95,96,97,98,99,100,101,103,104,105,107,108,110,111,113,114,116,118,120,121,123,122,122,121,121,120,120,119,119,120,123,125,128,131,134,137,140,143,147,150,151,150,150,149,149,149,148,151,156,161,167,174,180,182,182,181,181,181,180,186,197,209,215,214
80,80,80,80,80,80,80,80,81,81,81,81,81,81,81,82,82,82,82,82,82,83,83,83,83,84,84,84,84,85,85,85,85,86,86,86,87,87,86,84,83,81,80,78,78,79,79,79,80,80,81,81,81,82,82,83,83,84,84,85,85,86,86,87,88,88,89,89,90,91,91,92,93,94,94,95,96,97,98,98,98,98,97,96,95,94,94,93,92,93,94,95,96,97,98,99,100,102,103,104,105,107,108,110,111,113,114,116,118,120,121,120,119,119,118,118,117,117,116,118,120,123,125,128,131,134,137,140,143,147,148,148,148,147,147,146,146,146,151,156,161,167,173,179,179,179,178,178,178,178
80,80,80,80,80,80,80,80,80,80,80,81,81,81,81,81,81,81,81,82,82,82,82,82,83,83,83,83,83,84,84,84,84,85,85,85,86,86,84,82,81,79,78,77,77,78,78,78,79,79,79,80,80,81,81,81,82,82,83,83,84,84,85,85,86,86,87,88,88,89,89,90,91,91,92,93,94,94,95,96,97,96,95,95,94,93,92,91,91,90,91,92,93,94,95,96,97,98,99,100,101,103,104,105,107,108,110,111,113,114,116,118,118,118,117,116,116,115,115,114,114,116,118,120,123,125,128,130,133,136,139,143,146,146,145,145,144,144,143,143,145,150,155,160,166,172,177,176,176,176
79,79,79,79,79,80,80,80,80,80,80,80,80,80,80,81,81,81,81,81,81,82,82,82,82,82,83,83,83,83,84,84,84,84,83,81,80,78,76,75,76,76,76,77,77,77,78,78,78,79,79,79,80,80,81,81,82,82,82,83,83,84,84,85,85,86,87,87,88,88,89,90,90,91,92,92,93,94,95,94,93,92,91,90,90,89,88,88,89,90,90,91,92,93,94,95,97,98,99,100,101,102,104,105,106,108,109,111,112,114,116,115,115,114,114,113,112,112,111,111,113,116,118,120,122,125,128,130,133,136,139,143,143,142,142,142,141,141,140,141,146,150,155,161,167,173,174,173,173,173
79,79,79,79,79,79,79,79,79,80,80,80,80,80,80,80,81,81,81,81,81,82,82,82,82,83,83,82,80,78,76,74,74,74,74,74,75,75,75,76,76,76,77,77,77,78,78,78,79,79,80,80,81,81,81,82,82,83,83,84,84,85,86,86,87,87,88,89,89,90,91,91,92,92,91,90,89,88,87,87,86,85,86,87,87,88,89,90,91,92,93,94,95,96,97,98,100,101,102,103,105,106,108,109,111,112,113,112,112,111,111,110,109,109,108,109,111,113,115,118,120,122,125,128,130,133,136,140,140,140,139,139,138,138,138,137,142,146,151,156,162,168,171,171,170,170,170,169,169,178
78,78,79,79,79,79,79,79,79,80,80,80,80,80,80,81,81,81,80,78,76,74,72,72,72,72,73,73,73,73,74,74,74,75,75,75,76,76,76,77,77,77,78,78,79,79,79,80,80,81,81,82,82,83,83,84,84,85,85,86,87,87,88,89,89,90,89,88,87,86,85,85,84,83,83,83,84,85,86,87,88,88,89,90,91,92,93,94,95,97,98,99,100,101,103,104,106,107,109,110,110,109,109,108,108,107,107,106,106,107,109,111,113,115,117,119,122,125,127,130,133,136,137,137,136,136,136,135,135,134,137,141,146,151,156,162,168,168,168,167,167,167,166,169,179,189,201,201,200,200
78,78,79,79,79,79,79,79,80,78,76,74,72,70,70,71,71,71,71,71,72,72,72,72,73,73,73,74,74,74,75,75,75,76,76,76,77,77,78,78,78,79,79,80,80,81,81,82,82,83,83,84,84,85,85,86,87,87,87,86,85,84,83,82,82,81,80,81,81,82,83,84,84,85,86,87,88,89,90,91,92,93,94,95,96,97,98,100,101,102,104,105,107,107,107,106,106,105,105,104,104,103,103,104,106,108,110,112,114,117,119,122,124,127,130,133,134,134,134,133,133,132,132,132,133,137,141,146,151,157,163,165,165,165,164,164,164,163,170,180,191,198,198,197,197,197,197,213,238,272
78,78,76,74,71,69,69,69,69,69,70,70,70,70,71,71,71,71,71,72,72,72,73,73,73,73,74,74,74,75,75,76,76,76,77,77,77,78,78,79,79,80,80,81,81,82,82,83,83,84,84,85,84,83,83,82,81,80,79,79,78,78,79,79,80,81,82,82,83,84,85,86,87,87,88,89,90,91,92,93,95,96,97,98,99,101,102,103,105,104,104,103,103,102,102,101,101,100,101,102,104,106,108,110,112,114,117,119,122,124,127,130,132,131,131,130,130,130,129,129,129,133,137,142,147,152,158,162,162,162,162,161,161,161,163,172,183,194,195,195,195,194,194,197,220,249,639,644,650,655
69,68,68,68,68,69,69,69,69,69,69,70,70,70,70,71,71,71,71,72,72,72,72,73,73,73,74,74,74,75,75,75,76,76,77,77,77,78,78,79,79,80,80,81,81,82,82,83,83,82,81,81,80,79,78,77,77,76,76,77,77,78,79,79,80,81,82,82,83,84,85,86,86,87,88,89,90,91,92,93,95,96,97,98,99,101,102,102,101,101,100,100,99,99,98,98,97,99,101,102,104,106,108,110,112,114,117,119,122,124,127,129,129,128,128,127,127,127,126,126,130,134,138,142,147,153,158,159,159,159,159,158,158,158,164,174,185,192,192,192,192,191,191,200,225,256,639,643,648,654
68,68,68,68,68,68,68,69,69,69,69,69,69,70,70,70,70,71,71,71,71,72,72,72,72,73,73,73,74,74,74,75,75,75,76,76,76,77,77,78,78,78,79,79,80,80,81,81,82,81,80,79,78,77,76,75,75,74,74,75,76,76,77,78,78,79,80,80,81,82,83,83,84,85,86,87,88,89,90,91,92,93,94,95,96,97,98,100,100,99,99,98,98,97,97,96,96,95,96,98,99,101,103,104,106,108,110,112,115,117,120,122,125,126,126,126,125,125,124,124,124,123,126,130,134,138,143,148,153,157,157,156,156,156,156,155,156,165,174,185,190,189,189,189,189,189,201,225,255,635
68,68,68,68,68,68,68,69,69,69,69,69,69,69,70,70,70,70,70,71,71,71,71,71,72,72,72,72,73,73,73,74,74,74,75,75,75,76,76,76,77,77,77,78,78,79,79,80,80,80,80,79,78,77,76,76,75,74,73,73,74,74,75,75,76,76,77,78,78,79,80,80,81,82,83,83,84,85,86,87,87,88,89,90,91,92,93,94,96,97,98,98,97,97,96,96,95,95,94,94,93,94,95,97,98,100,102,103,105,107,109,111,113,116,118,120,123,124,124,123,123,122,122,122,121,121,124,127,131,135,139,144,149,154,154,154,154,153,153,153,153,157,166,175,185,187,187,186,186,186
72,69,69,69,69,69,69,69,69,69,70,70,70,70,70,70,70,70,71,71,71,71,71,72,72,72,72,72,73,73,73,73,74,74,74,75,75,75,75,76,76,76,77,77,77,78,78,79,79,79,80,80,79,78,77,76,75,74,73,72,72,73,73,74,74,75,75,76,76,77,78,78,79,80,80,81,82,82,83,84,85,85,86,87,88,89,90,91,92,93,94,95,96,97,96,96,95,94,94,93,93,92,92,91,93,94,95,97,98,100,101,103,105,107,109,111,113,115,117,119,122,122,121,121,121,120,120,119,119,119,122,125,129,132,136,140,145,150,152,152,151,151,151,150,150,151,159,167,175,184
70,70,70,70,70,70,71,71,71,71,71,71,71,71,71,71,72,72,72,72,72,72,73,73,73,73,73,74,74,74,74,74,75,75,75,75,76,76,76,77,77,77,77,78,78,78,79,79,80,80,80,80,79,78,77,75,74,73,72,72,73,73,74,74,75,75,76,76,77,77,78,78,79,79,80,81,81,82,83,83,84,85,86,86,87,88,89,90,91,91,92,93,94,95,95,95,94,94,93,92,92,91,91,90,91,92,93,95,96,97,99,100,102,103,105,107,109,111,113,115,117,119,120,120,119,119,119,118,118,117,117,118,121,124,127,131,134,138,142,147,150,150,149,149,149,148,148,148,153,160
72,73,73,73,73,73,73,73,73,73,73,73,73,73,74,74,74,74,74,74,74,75,75,75,75,75,76,76,76,76,76,77,77,77,77,78,78,78,78,79,79,79,80,80,80,81,81,81,79,78,77,76,74,73,73,73,73,74,74,75,75,76,76,76,77,77,78,78,79,80,80,81,81,82,83,83,84,84,85,86,87,87,88,89,90,91,91,92,93,94,95,95,94,93,93,92,91,91,90,89,89,90,91,93,94,95,96,98,99,100,102,103,105,107,108,110,112,114,116,118,119,118,118,117,117,116,116,116,115,116,119,122,125,128,131,135,138,142,146,148,147,147,147,146,146,146,146,152,158,165
75,75,75,75,76,76,76,76,76,76,76,76,76,77,77,77,77,77,77,77,78,78,78,78,78,79,79,79,79,80,80,80,80,81,81,81,82,82,82,82,81,80,78,77,75,74,74,74,74,75,75,76,76,76,77,77,78,78,79,79,80,80,81,81,82,82,83,83,84,84,85,86,86,87,88,88,89,90,91,91,92,93,94,95,94,93,93,92,91,91,90,89,89,89,90,91,92,93,94,95,97,98,99,101,102,103,105,106,108,109,111,113,115,117,118,117,116,116,115,115,114,114,114,115,117,120,122,125,128,131,134,138,141,145,146,145,145,145,144,144,144,144,149,155,161,168,175,177,177,177
79,79,79,79,79,79,79,79,79,80,80,80,80,80,80,81,81,81,81,81,82,82,82,82,83,83,83,83,84,84,82,80,79,77,76,75,75,76,76,76,77,77,77,78,78,79,79,79,80,80,81,81,82,82,83,83,84,84,85,85,86,86,87,88,88,89,90,90,91,92,92,93,94,95,94,93,93,92,91,90,90,89,88,89,90,91,92,93,94,95,96,97,98,99,101,102,103,105,106,107,109,110,112,114,115,117,116,115,115,114,114,113,113,112,113,115,117,120,122,125,128,130,133,136,140,143,144,144,143,143,142,142,142,142,146,151,157,162,168,175,175,175,174,174,174,174,179,189,201,214
82,82,82,83,83,83,83,83,83,84,84,84,84,85,85,85,85,86,86,84,82,80,78,77,77,77,77,78,78,78,79,79,79,80,80,80,81,81,81,82,82,83,83,84,84,85,85,86,86,87,87,88,88,89,89,90,91,91,92,93,93,94,95,95,94,93,92,91,90,90,89,88,89,90,91,91,92,93,94,95,96,97,98,99,101,102,103,104,106,107,108,110,111,113,114,116,115,115,114,113,113,112,112,111,111,113,115,118,120,122,124,127,130,132,135,138,141,143,142,142,141,141,140,140,140,143,148,152,157,162,168,173,173,173,172,172,172,171,177,186,196,207,220,235,251,411,525,608,613,617
86,86,86,86,87,87,87,87,87,88,85,83,81,79,78,79,79,79,79,80,80,80,81,81,81,82,82,82,83,83,83,84,84,85,85,85,86,86,87,87,88,88,89,89,90,90,91,92,92,93,93,94,95,95,95,94,93,92,91,90,89,88,89,89,90,91,92,93,93,94,95,96,97,98,99,100,101,102,104,105,106,107,109,110,111,113,114,115,114,113,113,112,112,111,110,110,111,113,115,117,119,121,123,125,128,130,133,136,138,141,141,140,140,139,139,138,138,139,143,147,151,156,161,166,171,171,171,170,170,170,169,173,181,189,199,209,221,234,249,409,411,534,607,611,616,620,625,630,634,640
89,89,89,89,87,84,81,80,80,80,80,81,81,81,81,82,82,82,83,83,83,84,84,84,85,85,85,86,86,87,87,87,88,88,89,89,90,90,91,91,92,92,93,93,94,95,95,96,95,94,93,92,91,90,89,88,89,90,90,91,92,93,93,94,95,96,97,98,99,100,101,102,103,104,105,106,107,109,110,111,112,114,114,113,112,112,111,110,110,109,109,111,112,114,116,118,120,122,124,126,128,131,133,136,138,140,139,138,138,137,137,137,136,139,142,146,150,154,159,163,168,169,169,168,168,167,167,168,175,183,191,200,210,221,233,247,407,406,422,542,605,610,614,618,623,628,633,637,643,648
91,90,87,84,81,81,81,82,82,82,82,83,83,83,83,84,84,84,84,85,85,85,86,86,86,87,87,87,88,88,89,89,90,90,90,91,91,92,92,93,93,94,94,95,96,96,95,93,92,91,90,89,88,89,89,90,91,91,92,93,93,94,95,96,97,98,98,99,100,101,102,103,104,105,106,107,109,110,111,112,113,112,112,111,110,110,109,108,108,109,110,112,114,115,117,119,121,123,125,127,129,131,134,136,138,138,137,136,136,135,135,134,136,139,142,146,150,153,158,162,167,167,166,166,166,165,165,166,173,179,187,195,204,213,224,236,405,404,404,414,527,601,605,609,613,618,623,628,633,638
92,92,91,87,83,82,82,83,83,83,83,83,84,84,84,84,84,85,85,85,85,86,86,86,87,87,87,88,88,88,89,89,89,90,90,91,91,92,92,92,93,93,94,94,95,96,95,94,93,92,91,90,88,88,88,89,90,90,91,92,92,93,94,94,95,96,97,98,98,99,100,101,102,103,104,105,106,107,108,109,110,112,112,111,110,109,109,108,107,107,107,108,109,111,112,114,116,117,119,121,123,125,127,129,131,133,136,136,135,135,134,134,133,133,132,135,138,141,145,148,152,156,160,164,165,164,164,163,163,163,163,169,175,182,189,197,206,215,226,237,403,402,401,407,514,593,601,605,610,614
92,92,92,92,93,88,84,83,83,83,83,83,84,84,84,84,84,85,85,85,85,85,86,86,86,86,87,87,87,88,88,88,89,89,89,90,90,90,91,91,92,92,92,93,93,94,94,95,95,94,93,92,90,89,88,87,88,88,89,89,90,91,91,92,92,93,94,95,95,96,97,98,98,99,100,101,102,103,104,105,106,107,108,109,110,110,110,109,108,107,107,106,105,105,106,107,109,110,112,113,115,116,118,120,122,123,125,127,129,132,134,134,133,133,132,132,131,131,130,133,136,139,142,145,148,152,156,160,163,162,162,161,161,161,160,163,168,174,181,188,195,204,213,222,233,400,400,399,399,492
92,92,92,93,93,93,90,85,83,83,83,83,83,84,84,84,84,84,84,85,85,85,85,85,86,86,86,86,87,87,87,87,88,88,88,89,89,89,90,90,90,91,91,92,92,92,93,93,94,94,94,93,91,90,89,88,86,86,87,87,88,88,89,90,90,91,91,92,93,93,94,95,95,96,97,98,99,99,100,101,102,103,104,105,106,107,108,109,108,108,107,106,105,104,104,103,103,105,106,107,108,110,111,113,114,116,118,119,121,123,125,127,129,131,132,132,131,130,130,129,129,128,129,132,134,137,140,143,147,150,154,158,160,160,159,159,159,158,158,160,165,171,177,184,191,198,207,216,226,237
92,92,92,92,93,89,83,83,83,83,83,83,83,83,84,84,84,84,84,84,85,85,85,85,85,86,86,86,86,86,87,87,87,88,88,88,88,89,89,89,90,90,90,91,91,92,92,92,93,93,92,91,89,88,86,85,85,85,86,86,87,87,88,88,89,90,90,91,91,92,93,93,94,95,95,96,97,98,98,99,100,101,102,103,104,105,106,107,107,106,105,104,103,103,102,101,101,102,103,104,106,107,108,110,111,113,114,116,117,119,121,123,124,126,128,130,129,129,128,127,127,126,126,126,129,131,134,137,140,143,146,150,153,157,158,157,157,156,156,155,155,159,164,170,176,182,189,197,205,214
91,82,82,82,82,82,83,83,83,83,83,83,83,83,83,84,84,84,84,84,84,85,85,85,85,86,86,86,86,86,87,87,87,88,88,88,89,89,89,90,90,90,91,91,91,92,90,89,87,86,85,83,83,84,84,85,85,86,86,87,87,88,88,89,89,90,91,91,92,92,93,94,95,95,96,97,98,98,99,100,101,102,103,104,104,104,104,103,102,101,100,100,99,99,100,101,102,103,104,106,107,108,110,111,112,114,116,117,119,121,122,124,126,127,126,126,125,125,124,124,123,124,126,129,131,134,137,140,143,146,150,153,155,154,154,154,153,153,152,154,159,164,170,176,183,190,197,205,214,224
82,82,82,82,82,82,82,83,83,83,83,83,83,83,84,84,84,84,84,85,85,85,85,86,86,86,86,87,87,87,87,88,88,88,89,89,89,90,90,88,87,85,84,82,81,82,82,82,83,83,84,84,85,85,86,86,87,87,88,88,89,90,90,91,91,92,93,93,94,95,96,96,97,98,99,100,100,101,102,102,101,100,100,99,98,97,96,96,97,98,99,100,101,103,104,105,106,108,109,111,112,114,115,117,118,120,122,124,124,124,123,123,122,121,121,120,121,123,126,128,131,133,136,139,142,146,149,152,152,151,151,151,150,150,149,154,159,164,170,176,182,189,197,206,215,225,390,389,388,388
82,82,82,82,82,83,83,83,83,83,83,84,84,84,84,84,85,85,85,85,86,86,86,86,87,87,87,88,88,88,87,85,84,82,81,79,80,80,80,81,81,82,82,83,83,83,84,84,85,85,86,86,87,87,88,89,89,90,90,91,92,92,93,94,95,95,96,97,98,99,99,100,99,98,97,97,96,95,94,94,94,95,96,97,98,99,100,101,103,104,105,106,108,109,111,112,114,115,117,119,120,122,121,121,120,120,119,118,118,117,119,121,124,126,129,131,134,137,140,143,147,149,149,149,148,148,147,147,146,151,156,161,166,172,179,186,193,201,210,220,387,386,386,385,390,489,523,583,587,591
82,82,82,82,83,83,83,83,83,84,84,84,84,85,85,85,85,86,86,86,87,87,85,83,81,80,78,78,78,79,79,79,80,80,80,81,81,82,82,82,83,83,84,84,85,85,86,86,87,88,88,89,89,90,91,91,92,93,93,94,95,96,96,97,98,97,96,95,94,93,93,92,91,91,92,93,94,95,96,97,99,100,101,102,103,105,106,107,109,110,112,113,115,116,118,119,118,118,117,117,116,116,115,115,116,118,121,123,126,128,131,134,137,140,143,146,146,146,145,145,145,144,144,146,150,155,160,166,172,178,185,193,201,210,220,384,383,383,382,394,495,571,581,585,590,593,598,602,607,612
82,82,82,83,83,83,83,83,84,84,84,84,85,85,85,85,83,81,79,78,76,76,77,77,77,78,78,78,79,79,80,80,80,81,81,82,82,82,83,83,84,84,85,85,86,87,87,88,88,89,89,90,91,91,92,93,94,94,95,95,95,94,93,92,91,90,90,89,89,90,91,92,93,94,95,96,97,98,99,100,101,103,104,105,107,108,109,111,112,114,116,117,116,115,115,114,114,113,113,112,113,115,117,120,122,124,127,130,132,135,138,142,144,143,143,143,142,142,141,141,144,149,153,159,164,170,176,183,191,199,208,217,381,380,380,379,390,490,524,578,582,586,590,595,600,604,609,614,618,700
82,82,82,83,83,83,83,83,84,84,84,84,84,82,80,78,76,75,75,76,76,76,77,77,77,78,78,78,79,79,79,80,80,81,81,81,82,82,83,83,84,84,85,85,86,86,87,87,88,89,89,90,90,91,92,92,93,94,93,92,91,90,89,88,88,87,87,88,89,89,90,91,92,93,94,95,96,97,98,100,101,102,103,104,106,107,109,110,112,113,114,114,113,112,112,111,111,110,110,110,112,114,116,118,121,123,126,128,131,134,137,140,141,141,140,140,139,139,139,138,142,146,151,156,161,167,173,179,187,194,203,212,378,378,377,377,377,474,506,573,577,581,586,589,594,599,603,608,613,620
82,82,82,82,82,83,83,83,83,83,84,84,84,81,79,77,75,75,75,75,75,76,76,76,77,77,77,77,78,78,78,79,79,80,80,80,81,81,82,82,82,83,83,84,84,85,85,86,86,87,87,88,89,89,90,90,91,92,92,91,90,89,88,88,87,86,85,85,86,87,88,89,89,90,91,92,93,94,95,96,97,98,99,100,102,103,104,105,107,108,110,111,112,111,111,110,110,109,109,108,107,108,110,112,114,116,118,120,122,125,127,130,133,136,139,139,138,138,137,137,136,136,136,140,144,149,153,159,164,170,176,183,190,198,207,217,376,375,374,374,385,484,517,572,576,580,584,589,593,598
82,82,82,82,83,83,83,83,83,83,84,84,84,84,83,80,78,76,75,75,75,75,76,76,76,76,77,77,77,77,78,78,78,79,79,79,80,80,80,81,81,82,82,82,83,83,84,84,85,85,86,86,87,87,88,88,89,89,90,91,91,90,89,88,87,87,86,85,84,84,85,85,86,87,88,89,89,90,91,92,93,94,95,96,97,98,99,100,101,102,104,105,106,108,109,110,110,109,109,108,107,107,106,106,105,107,109,110,112,114,116,118,121,123,125,128,131,133,136,136,136,135,135,135,134,134,133,137,140,145,149,154,159,164,170,176,182,189,197,206,215,373,373,372,371,376,470,500,567,572
83,83,83,83,83,84,84,84,84,84,84,84,84,85,85,85,82,79,76,75,76,76,76,76,76,77,77,77,77,77,78,78,78,79,79,79,79,80,80,80,81,81,81,82,82,83,83,83,84,84,85,85,86,86,87,87,88,88,89,89,90,90,90,89,88,87,86,85,85,84,83,84,84,85,86,86,87,88,89,89,90,91,92,93,94,95,96,97,98,99,100,101,102,103,104,105,107,108,109,108,107,107,106,106,105,104,104,104,106,107,109,111,113,114,116,118,121,123,125,128,130,133,135,134,134,133,133,132,132,131,132,136,139,143,147,152,156,161,166,172,178,185,192,199,208,367,371,370,369,369
85,85,85,85,85,85,85,85,86,86,86,86,86,86,86,84,81,77,77,77,77,77,77,78,78,78,78,78,79,79,79,79,79,80,80,80,81,81,81,81,82,82,82,83,83,83,84,84,85,85,85,86,86,87,87,88,88,89,89,90,90,91,90,88,87,86,85,84,83,83,83,84,85,85,86,87,87,88,89,89,90,91,92,93,93,94,95,96,97,98,99,100,101,102,103,104,106,107,108,107,106,106,105,104,104,103,103,103,104,106,107,109,110,112,114,116,118,120,122,124,126,129,131,133,132,132,131,131,130,130,130,130,133,136,140,144,148,152,156,161,166,171,177,183,190,197,205,354,369,368
87,87,87,88,88,88,88,88,88,88,88,86,81,78,79,79,79,79,79,79,79,80,80,80,80,80,81,81,81,81,82,82,82,82,83,83,83,83,84,84,84,85,85,85,86,86,87,87,87,88,88,89,89,89,90,90,91,91,89,88,87,86,85,84,83,84,84,85,85,86,86,87,88,88,89,90,90,91,92,93,93,94,95,96,97,98,99,100,101,102,103,104,105,106,107,107,106,105,104,104,103,102,102,101,103,104,105,107,108,110,112,113,115,117,119,121,123,125,127,129,131,131,131,130,129,129,128,128,128,130,133,136,140,143,147,151,155,159,164,169,174,180,186,192,199,206,349,363,366,365
90,90,90,91,86,81,81,81,81,81,81,81,81,82,82,82,82,82,82,83,83,83,83,83,84,84,84,84,85,85,85,86,86,86,86,87,87,87,88,88,89,89,89,90,90,90,91,91,92,92,90,89,88,86,85,84,84,84,85,85,86,87,87,88,88,89,89,90,91,91,92,93,94,94,95,96,97,97,98,99,100,101,102,103,104,105,106,107,106,105,104,104,103,102,101,101,101,103,104,105,106,108,109,111,112,114,116,117,119,121,123,125,127,129,130,130,129,128,128,127,127,126,127,130,132,135,138,142,145,149,152,156,160,165,169,174,180,185,191,198,205,339,351,364,364,363,362,362,369,455
84,84,84,84,84,84,84,84,85,85,85,85,85,86,86,86,86,86,87,87,87,87,88,88,88,88,89,89,89,90,90,90,91,91,92,92,92,93,93,93,91,90,88,87,85,85,85,86,86,87,87,88,88,89,89,90,90,91,92,92,93,93,94,95,96,96,97,98,99,99,100,101,102,103,104,105,106,107,106,105,104,103,103,102,101,100,101,102,103,104,106,107,108,109,111,112,114,115,117,119,120,122,124,126,128,129,128,128,127,127,126,126,125,125,128,130,133,136,138,141,145,148,151,155,159,163,167,172,177,182,187,193,199,322,332,344,357,362,361,361,360,359,376,453,476,503,556,559,564,567
87,87,88,88,88,88,88,88,89,89,89,89,90,90,90,90,91,91,91,91,92,92,92,93,93,93,94,94,95,93,92,90,88,87,86,86,87,87,88,88,88,89,89,90,90,91,91,92,93,93,94,94,95,96,96,97,98,98,99,100,101,101,102,103,104,105,106,107,106,105,104,103,102,102,101,100,101,102,103,104,105,106,108,109,110,111,113,114,116,117,119,120,122,124,125,127,128,127,127,126,125,125,124,124,125,127,129,132,134,137,139,142,145,148,152,155,159,163,167,171,175,180,185,190,196,202,320,330,341,353,360,359,359,358,357,370,451,464,488,547,555,559,563,566,571,574,579,583,587,591
91,91,91,91,92,92,92,92,92,93,93,93,94,94,94,94,95,95,95,96,96,94,92,90,88,87,87,88,88,88,89,89,90,90,91,91,92,92,93,93,94,94,95,95,96,97,97,98,98,99,100,101,101,102,103,104,104,105,106,107,106,105,104,103,102,101,100,100,101,102,103,104,105,106,107,108,110,111,112,113,115,116,117,119,120,122,124,125,127,127,126,125,125,124,123,123,122,124,126,128,131,133,136,138,141,143,146,149,153,156,159,163,167,171,175,179,184,189,194,200,311,320,330,341,353,358,357,356,356,355,368,449,458,480,536,552,555,559,563,566,571,574,579,582,587,592,636,700,700,700
93,94,94,94,94,94,95,95,95,95,96,96,96,97,97,97,95,93,91,89,88,88,89,89,90,90,90,91,91,92,92,92,93,93,94,94,95,95,96,96,97,98,98,99,99,100,101,101,102,103,104,104,105,106,107,106,105,104,103,102,101,100,100,101,101,102,103,104,105,106,107,109,110,111,112,113,114,116,117,118,120,121,123,124,126,126,125,124,124,123,122,122,121,123,125,127,129,131,133,136,138,141,143,146,149,152,155,158,162,165,169,173,177,181,186,191,196,234,309,318,327,338,349,356,355,354,354,353,362,447,447,468,491,546,551,555,558,561,566,569,574,577,582,586,591,661,700,700,700,700
95,95,95,95,96,96,96,96,97,97,97,97,98,98,98,95,93,91,89,89,89,90,90,90,91,91,92,92,92,93,93,94,94,94,95,95,96,96,97,97,98,98,99,100,100,101,101,102,103,103,104,105,106,106,106,104,103,102,101,100,99,99,100,101,102,103,104,105,106,107,108,109,110,111,112,113,114,116,117,118,119,121,122,124,125,124,124,123,122,121,121,120,120,122,124,126,128,130,132,134,136,139,141,144,146,149,152,155,158,161,165,168,172,176,180,184,189,194,230,269,310,319,328,338,349,354,353,352,351,351,362,444,444,464,487,540,548,551,555,559,562,566,570,575,578,583,587,636,700,700
96,96,96,96,96,96,97,97,97,97,97,98,98,98,98,99,97,94,92,89,89,90,90,90,91,91,91,92,92,92,93,93,93,94,94,95,95,96,96,96,97,97,98,98,99,100,100,101,101,102,102,103,104,104,105,106,105,104,102,101,100,99,98,99,100,100,101,102,103,104,105,106,107,108,109,110,111,112,113,114,115,116,118,119,120,122,123,123,123,122,121,120,120,119,118,119,121,123,125,126,128,130,132,134,137,139,141,144,146,149,152,155,158,161,164,168,171,175,179,183,188,192,228,265,305,313,322,332,342,352,351,350,349,349,353,436,442,448,468,490,543,546,550,553,557,561,564,569,572,577
96,96,96,96,96,96,96,97,97,97,97,97,97,98,98,98,98,99,98,95,93,90,89,90,90,90,90,91,91,91,92,92,92,93,93,93,94,94,94,95,95,96,96,97,97,98,98,99,99,100,100,101,101,102,102,103,104,104,105,104,102,101,100,99,98,97,98,99,99,100,101,102,102,103,104,105,106,107,108,109,110,111,112,113,114,115,117,118,119,120,122,122,121,120,119,118,118,117,116,118,120,121,123,125,126,128,130,132,134,137,139,141,144,146,149,151,154,157,160,164,167,170,174,178,182,186,191,226,262,300,308,317,326,336,346,349,348,347,346,346,358,440,439,455,475,525,541,545,549,552
96,96,96,96,96,96,96,96,96,97,97,97,97,97,97,97,98,98,98,98,96,93,90,89,89,89,90,90,90,90,91,91,91,91,92,92,92,93,93,93,94,94,95,95,95,96,96,97,97,98,98,99,99,100,100,101,101,102,102,103,103,102,101,100,98,97,96,96,97,97,98,99,99,100,101,102,103,103,104,105,106,107,108,109,110,111,112,113,114,115,117,118,119,120,119,118,118,117,116,115,115,115,116,118,119,121,123,124,126,128,130,132,134,136,138,141,143,146,148,151,154,157,160,163,166,170,173,177,181,185,218,224,260,297,305,314,323,332,342,346,346,345,344,343,353,434,436,447,466,515
95,95,96,96,96,96,96,96,96,96,96,96,97,97,97,97,97,97,96,93,89,88,88,88,89,89,89,89,89,90,90,90,91,91,91,91,92,92,92,93,93,93,94,94,95,95,95,96,96,97,97,98,98,99,99,100,100,101,101,102,101,99,98,97,96,94,94,95,95,96,97,97,98,99,100,100,101,102,103,104,104,105,106,107,108,109,110,111,112,113,115,116,117,118,117,116,115,115,114,113,112,112,114,115,117,118,120,121,123,125,127,129,131,133,135,137,139,141,144,146,149,152,155,158,161,164,167,171,175,178,183,187,220,256,293,301,309,317,326,336,344,343,342,341,341,345,425,434,436,455
95,95,95,95,95,95,96,96,96,96,96,96,96,95,91,87,87,87,87,87,88,88,88,88,88,89,89,89,89,90,90,90,91,91,91,91,92,92,93,93,93,94,94,94,95,95,96,96,97,97,98,98,99,99,100,99,98,97,96,94,93,92,92,93,93,94,95,95,96,97,97,98,99,100,100,101,102,103,104,105,105,106,107,108,109,110,111,113,114,115,115,114,113,113,112,111,110,110,110,111,113,114,116,117,119,120,122,124,126,128,129,131,134,136,138,140,143,145,148,150,153,156,159,163,166,169,173,177,181,214,219,254,291,299,307,315,325,334,341,340,339,339,338,343,423,431,433,452,473,522
95,95,95,95,95,94,89,85,85,86,86,86,86,86,86,87,87,87,87,88,88,88,88,89,89,89,89,90,90,90,91,91,91,92,92,92,93,93,93,94,94,95,95,96,96,97,97,98,97,96,95,93,92,91,90,90,90,91,92,92,93,93,94,95,95,96,97,98,98,99,100,101,102,102,103,104,105,106,107,108,109,110,111,112,112,112,111,110,109,108,108,107,107,108,110,111,112,114,115,117,119,120,122,124,126,127,129,131,134,136,138,140,143,145,148,151,154,157,160,163,167,170,174,178,210,216,251,287,295,303,311,320,329,338,337,337,336,335,337,350,428,427,444,464,513,530,533,537,540,544
84,84,85,85,85,85,85,85,86,86,86,86,86,87,87,87,87,88,88,88,88,89,89,89,90,90,90,91,91,91,92,92,92,93,93,94,94,95,95,95,95,93,92,91,89,88,87,88,88,89,89,90,90,91,92,92,93,94,94,95,96,96,97,98,99,99,100,101,102,103,104,105,106,107,108,109,110,110,109,108,107,106,106,105,104,104,105,107,108,109,111,112,114,115,117,118,120,122,124,125,127,129,131,134,136,138,141,143,146,148,151,154,157,161,164,167,171,175,207,212,247,284,291,299,307,316,325,335,335,334,333,332,332,345,426,425,438,458,507,526,530,533,537,541,544,547,552,555,559,563
84,84,84,85,85,85,85,85,86,86,86,86,87,87,87,87,88,88,88,89,89,89,90,90,90,91,91,91,92,92,93,93,94,92,91,89,88,87,85,85,86,86,87,87,88,88,89,89,90,90,91,92,92,93,94,94,95,96,97,97,98,99,100,101,101,102,103,104,105,106,107,107,106,105,104,104,103,102,101,102,103,104,105,106,108,109,111,112,114,115,117,118,120,122,124,126,128,130,132,134,136,139,141,144,146,149,152,155,158,161,165,169,172,205,210,244,281,288,296,304,313,322,331,332,331,330,330,329,340,422,422,433,452,473,524,527,530,534,537,540,544,548,552,556,560,564,593,675,700,700
84,84,84,84,85,85,85,85,85,86,86,86,86,87,87,87,88,88,88,89,89,89,90,90,90,91,91,92,91,89,88,86,85,84,83,84,84,84,85,85,86,86,87,88,88,89,89,90,90,91,92,92,93,94,94,95,96,97,97,98,99,100,101,102,103,103,104,105,104,103,102,101,101,100,99,98,100,101,102,103,104,106,107,108,110,111,113,114,116,117,119,121,123,125,127,129,131,133,135,138,140,143,145,148,151,154,157,160,164,167,171,204,209,243,280,287,295,303,312,321,330,329,328,327,327,327,339,420,419,433,452,501,521,524,527,531,534,538,542,545,550,553,557,561,597,682,700,700,700,700
83,83,84,84,84,84,84,85,85,85,85,86,86,86,86,87,87,87,88,88,88,88,89,89,90,90,90,88,87,85,84,82,81,82,82,83,83,83,84,84,85,85,86,86,87,87,88,89,89,90,90,91,92,92,93,94,94,95,96,97,98,98,99,100,101,102,103,102,101,100,100,99,98,97,97,97,98,99,100,101,102,103,105,106,107,109,110,112,113,115,116,118,120,121,123,125,127,129,131,134,136,138,141,144,146,149,152,155,158,162,165,169,201,206,241,277,284,292,300,308,317,326,326,325,325,324,323,334,415,416,425,444,464,515,520,524,527,530,534,538,542,545,549,553,557,568,646,700,700,700
83,83,83,83,83,84,84,84,84,84,84,85,85,85,85,86,86,86,86,87,87,87,88,88,88,89,89,89,87,85,84,82,81,80,81,81,81,82,82,83,83,83,84,84,85,85,86,86,87,87,88,89,89,90,90,91,92,92,93,94,94,95,96,97,97,98,99,100,101,100,99,98,98,97,96,95,95,94,95,96,97,99,100,101,102,103,104,106,107,108,110,111,113,114,116,118,119,121,123,125,127,129,131,133,135,138,140,143,146,148,151,154,158,161,164,195,200,233,239,275,282,289,297,305,314,323,324,323,322,321,321,330,409,414,419,437,457,506,517,520,523,527,530,534,538,541,545,550,553,558
83,83,83,83,83,83,83,84,84,84,84,84,84,85,85,85,85,85,86,86,86,86,87,87,87,87,88,88,88,89,87,85,83,82,80,80,80,80,81,81,81,82,82,83,83,83,84,84,85,85,86,86,87,87,88,88,89,89,90,91,91,92,93,93,94,95,95,96,97,98,98,99,99,98,97,96,95,95,94,93,93,94,95,96,97,98,99,100,101,102,103,104,106,107,108,110,111,113,114,116,117,119,121,123,124,126,128,130,133,135,137,140,142,145,147,150,153,156,160,163,193,198,230,236,271,277,285,292,300,308,317,321,321,320,319,318,322,334,412,411,424,443,490,513,516,519,522,526,529,533
83,83,84,84,84,84,84,84,84,84,84,85,85,85,85,85,85,85,86,86,86,86,87,87,87,87,87,88,88,88,89,88,86,84,82,80,80,80,80,80,81,81,81,82,82,83,83,83,84,84,85,85,86,86,86,87,87,88,88,89,90,90,91,91,92,93,93,94,95,95,96,97,97,98,98,97,96,95,94,93,92,92,92,92,93,94,95,96,97,98,99,100,101,102,104,105,106,107,109,110,111,113,114,116,117,119,121,122,124,126,128,130,132,134,137,139,141,144,147,149,152,155,158,162,191,195,227,232,266,272,279,286,294,302,310,319,319,318,317,316,316,324,400,409,408,425,444,490,510,513
85,85,85,85,85,85,85,85,85,86,86,86,86,86,86,86,87,87,87,87,87,87,88,88,88,88,88,89,89,89,88,86,83,81,80,80,80,81,81,81,82,82,82,83,83,83,84,84,84,85,85,86,86,87,87,88,88,88,89,89,90,91,91,92,92,93,93,94,95,95,96,97,97,97,96,95,94,93,93,92,91,91,92,92,93,94,95,96,97,98,99,100,101,102,103,104,105,106,108,109,110,112,113,114,116,117,119,121,122,124,126,128,130,132,134,136,138,141,143,146,148,151,154,157,160,188,192,196,227,232,266,272,278,285,293,300,308,317,317,316,315,314,313,321,395,407,406,419,437,456
87,87,87,87,87,87,87,87,88,88,88,88,88,88,88,88,89,89,89,89,89,90,90,90,90,89,87,84,82,81,81,81,82,82,82,83,83,83,83,84,84,84,85,85,85,86,86,87,87,87,88,88,89,89,90,90,91,91,92,92,93,93,94,94,95,96,96,97,97,96,95,94,93,92,91,90,90,91,92,92,93,94,95,96,97,98,98,99,100,101,102,103,105,106,107,108,109,111,112,113,115,116,117,119,121,122,124,126,127,129,131,133,135,137,139,142,144,147,149,152,155,158,184,188,192,221,226,231,263,269,275,282,289,296,304,312,315,314,313,312,312,315,326,399,404,407,423,440,484,505
89,90,90,90,90,90,90,90,90,90,91,91,91,91,91,91,92,91,88,85,82,82,83,83,83,83,84,84,84,84,85,85,85,86,86,86,86,87,87,88,88,88,89,89,90,90,90,91,91,92,92,93,93,94,94,95,95,96,97,97,98,96,95,94,93,92,91,90,90,91,92,92,93,94,95,95,96,97,98,99,100,101,102,103,104,105,106,107,108,109,110,112,113,114,115,117,118,120,121,123,124,126,128,130,131,133,135,137,139,142,144,146,149,151,154,157,183,186,189,193,222,226,257,263,268,275,281,288,295,302,310,313,312,311,310,309,312,322,393,402,402,415,431,449,493,504,507,510,513,517
92,93,93,93,93,93,93,93,90,86,84,84,84,84,85,85,85,85,85,86,86,86,86,87,87,87,88,88,88,89,89,89,90,90,90,91,91,92,92,93,93,93,94,94,95,95,96,96,97,98,98,97,95,94,93,92,91,90,91,91,92,93,93,94,95,95,96,97,98,99,99,100,101,102,103,104,105,106,107,108,109,110,111,113,114,115,116,118,119,120,122,123,125,127,128,130,132,134,135,137,139,141,144,146,148,151,153,156,181,184,187,191,218,222,227,256,262,267,273,279,286,293,300,307,311,310,309,308,308,309,318,386,398,400,406,421,437,479,499,503,506,509,512,515,518,522,525,530,533,537
85,86,86,86,86,86,86,87,87,87,87,88,88,88,88,89,89,89,89,90,90,90,91,91,91,92,92,92,93,93,94,94,94,95,95,96,96,97,97,98,98,97,96,95,93,92,91,90,91,91,92,93,93,94,95,95,96,97,97,98,99,100,100,101,102,103,104,105,106,107,108,109,110,111,112,113,114,116,117,118,119,121,122,124,125,127,128,130,132,133,135,137,139,141,143,145,147,149,152,154,178,181,184,187,213,217,221,226,255,260,265,271,277,283,289,296,303,310,309,308,307,306,305,313,377,389,398,397,409,424,440,481,499,502,504,507,510,514,517,520,524,527,531,534,539,569,627,698,700,700
88,88,88,89,89,89,89,90,90,90,90,91,91,91,91,92,92,92,93,93,93,94,94,94,95,95,96,96,97,97,97,98,98,99,97,96,94,93,92,90,91,91,92,92,93,94,94,95,95,96,97,97,98,99,100,100,101,102,103,104,104,105,106,107,108,109,110,111,112,113,114,116,117,118,119,121,122,123,125,126,128,129,131,132,134,136,138,140,142,144,146,148,150,152,175,178,181,184,187,212,216,220,224,252,257,262,267,273,279,285,291,298,305,307,306,305,304,304,306,314,377,389,396,395,409,423,439,479,496,499,502,505,508,511,515,518,521,525,528,532,535,559,613,678,700,700,700,700,700,700
90,90,90,90,91,91,91,91,92,92,92,92,93,93,93,94,94,94,95,95,95,96,96,96,97,97,98,98,98,99,98,96,94,93,92,90,91,91,92,92,93,93,94,95,95,96,96,97,98,98,99,100,100,101,102,103,103,104,105,106,107,108,109,110,111,112,113,114,115,116,117,118,120,121,122,123,125,126,128,129,131,132,134,136,137,139,141,143,145,147,149,151,173,176,179,181,184,187,212,216,220,247,251,256,261,266,272,277,283,289,296,303,305,304,303,302,301,303,311,372,384,394,393,402,416,431,469,487,495,498,501,504,507,511,514,517,521,524,527,531,534,578,633,700,700,700,700,700,700,700
90,91,91,91,91,91,92,92,92,92,93,93,93,93,94,94,94,94,95,95,95,96,96,96,97,97,98,98,98,99,97,95,94,92,91,90,91,91,92,92,93,93,94,94,95,95,96,96,97,98,98,99,100,100,101,102,102,103,104,105,106,106,107,108,109,110,111,112,113,114,115,116,117,119,120,121,122,124,125,126,128,129,131,132,134,135,137,139,141,142,144,146,148,170,172,175,177,180,183,207,210,214,217,221,248,253,257,262,267,273,278,284,290,297,304,303,302,301,300,299,304,313,373,384,391,391,402,416,431,468,486,493,496,499,501,505,508,511,515,518,521,525,528,532,573,626,690,700,700,700
90,91,91,91,91,91,91,91,92,92,92,92,92,93,93,93,93,94,94,94,94,95,95,95,96,96,96,97,97,97,98,98,97,95,93,92,90,89,90,90,91,91,92,92,93,93,94,94,95,95,96,96,97,98,98,99,99,100,101,101,102,103,104,104,105,106,107,108,109,110,111,111,112,113,115,116,117,118,119,120,121,123,124,125,127,128,129,131,132,134,136,137,139,141,143,145,147,167,170,172,175,177,180,183,206,210,213,217,243,247,252,256,261,266,272,277,283,289,295,301,300,299,298,297,296,302,310,370,380,389,388,398,411,426,462,479,490,493,496,498,501,505,508,511,514,517,521,525,528,554
90,90,90,90,90,90,90,91,91,91,91,91,91,92,92,92,92,92,93,93,93,93,93,94,94,94,95,95,95,95,96,96,96,97,97,95,93,92,90,88,88,89,89,90,90,90,91,91,92,92,93,93,94,94,95,95,96,97,97,98,98,99,100,100,101,102,103,103,104,105,106,106,107,108,109,110,111,112,113,114,115,116,117,118,119,121,122,123,124,126,127,128,130,131,133,135,136,138,140,141,143,145,166,168,170,173,175,178,181,204,207,211,214,240,244,248,253,258,263,268,273,279,285,291,297,298,297,296,295,294,296,304,362,373,383,386,389,402,415,430,466,484,489,491,494,497,499,503,506,509
89,89,89,89,89,89,90,90,90,90,90,90,90,90,91,91,91,91,91,91,92,92,92,92,93,93,93,93,94,94,94,94,95,95,95,96,94,92,90,88,87,87,87,88,88,88,89,89,90,90,90,91,91,92,92,93,93,94,94,95,95,96,97,97,98,98,99,100,101,101,102,103,103,104,105,106,107,108,108,109,110,111,112,113,114,115,116,118,119,120,121,122,124,125,126,128,129,131,132,134,136,137,139,141,143,163,165,167,170,172,175,177,200,203,207,210,214,239,243,248,252,257,262,267,272,278,284,290,296,295,294,293,292,291,295,303,361,372,383,383,388,401,414,429,466,483,486,489,491,494
88,88,88,88,88,88,89,89,89,89,89,89,89,89,89,90,90,90,90,90,90,91,91,91,91,92,92,92,92,93,93,93,93,94,92,90,88,86,85,85,85,85,86,86,87,87,87,88,88,89,89,89,90,90,91,91,92,92,93,93,94,94,95,96,96,97,97,98,99,99,100,101,102,102,103,104,105,106,106,107,108,109,110,111,112,113,114,115,116,118,119,120,121,123,124,125,127,128,130,131,133,134,136,138,139,159,162,164,166,168,171,173,196,199,202,206,209,234,238,242,247,251,256,261,266,271,277,283,289,293,292,291,290,289,288,294,302,361,371,381,380,388,401,414,429,466,480,484,486,489
87,87,87,87,87,87,87,88,88,88,88,88,88,88,88,89,89,89,89,89,90,90,90,90,91,91,91,91,91,89,87,85,83,82,83,83,83,84,84,84,85,85,85,86,86,86,87,87,88,88,89,89,90,90,91,91,92,92,93,93,94,94,95,96,96,97,98,98,99,100,100,101,102,103,104,104,105,106,107,108,109,110,111,112,113,114,115,116,118,119,120,121,123,124,125,127,128,130,132,133,135,137,156,159,161,163,165,168,170,193,196,199,202,205,230,234,238,242,247,252,256,261,267,272,278,284,290,289,288,287,286,285,288,296,354,364,375,377,380,392,405,420,456,474,479,482,485,487,491,494
86,86,86,86,86,86,86,87,87,87,87,87,87,88,88,88,88,88,89,89,89,87,84,82,80,80,80,80,81,81,81,82,82,82,83,83,83,84,84,84,85,85,86,86,86,87,87,88,88,89,89,90,90,91,91,92,92,93,94,94,95,96,96,97,98,98,99,100,101,102,102,103,104,105,106,107,108,109,110,111,112,113,114,115,117,118,119,120,122,123,125,126,128,129,131,132,134,154,156,158,160,163,165,168,190,193,196,199,203,228,232,236,240,244,249,254,259,264,269,275,281,287,286,285,284,283,282,285,293,351,361,372,374,377,389,402,416,453,471,476,479,482,484,488,490,493,497,500,503,507
85,85,85,85,85,85,86,86,86,86,86,87,85,82,80,78,77,77,78,78,78,78,79,79,79,80,80,80,81,81,81,82,82,82,83,83,83,84,84,85,85,86,86,87,87,88,88,89,89,90,90,91,91,92,93,93,94,95,95,96,97,98,98,99,100,101,102,102,103,104,105,106,107,108,109,110,111,113,114,115,116,117,119,120,121,123,124,126,128,129,131,151,153,155,157,159,161,164,186,189,192,195,198,223,227,231,235,240,244,249,254,259,264,270,276,282,283,282,281,280,279,279,286,294,354,364,371,370,381,394,407,444,461,472,475,477,481,483,486,490,492,495,499,502,506,509,518,566,623,694
84,84,84,84,84,81,79,76,75,75,75,75,76,76,76,76,77,77,77,77,78,78,78,79,79,79,80,80,80,81,81,81,82,82,83,83,83,84,84,85,85,86,86,87,87,88,88,89,90,90,91,91,92,93,93,94,95,96,96,97,98,99,100,100,101,102,103,104,105,106,107,108,109,110,112,113,114,115,117,118,119,121,122,124,125,127,146,148,150,153,155,157,159,162,184,187,190,193,196,221,225,229,233,238,242,247,252,257,262,268,274,280,279,278,278,277,276,276,284,342,352,363,368,367,379,392,407,443,461,470,472,475,478,481,483,486,490,493,497,499,503,506,520,570,631,700,700,700,700,700
80,77,75,73,73,73,73,73,73,74,74,74,74,75,75,75,75,76,76,76,76,77,77,77,78,78,78,79,79,79,80,80,81,81,81,82,82,83,83,84,84,85,85,86,86,87,87,88,89,89,90,90,91,92,93,93,94,95,95,96,97,98,99,100,101,101,102,103,104,105,106,108,109,110,111,112,113,115,116,117,119,120,122,123,143,145,147,149,151,153,155,157,180,182,185,188,191,194,220,223,227,232,236,240,245,250,255,261,266,272,277,276,275,274,273,273,275,282,341,351,362,365,366,379,392,406,444,461,467,470,472,475,478,481,484,487,490,494,497,501,504,523,576,639,700,700,700,700,700,700
74,71,71,71,71,71,72,72,72,72,72,73,73,73,73,73,74,74,74,74,75,75,75,76,76,76,76,77,77,77,78,78,79,79,79,80,80,81,81,81,82,82,83,83,84,84,85,85,86,87,87,88,88,89,90,90,91,92,92,93,94,95,95,96,97,98,99,100,101,102,103,104,105,106,107,108,109,110,111,113,114,115,117,118,120,121,141,142,144,146,148,150,153,155,177,180,182,185,188,192,217,220,224,229,233,237,242,247,252,257,263,268,274,273,272,271,271,270,270,278,285,346,357,362,361,373,386,400,437,454,463,466,468,472,474,477,481,483,486,490,493,497,500,506,556,617,692,700,700,700
76,73,70,70,70,70,70,70,70,71,71,71,71,71,71,72,72,72,72,72,73,73,73,73,74,74,74,75,75,75,75,76,76,76,77,77,77,78,78,79,79,79,80,80,81,81,82,82,83,83,84,84,85,85,86,86,87,88,88,89,89,90,91,92,92,93,94,95,95,96,97,98,99,100,101,102,103,104,105,106,107,108,109,111,112,113,114,116,117,119,138,139,141,143,145,147,149,151,154,176,179,181,184,187,212,216,219,223,227,232,236,241,246,251,256,261,267,271,270,269,268,268,267,269,276,335,345,355,359,359,371,384,398,435,452,461,463,466,469,472,474,478,481,484,487,490,494,498,504,554
79,79,75,71,69,69,69,69,69,69,70,70,70,70,70,70,71,71,71,71,71,71,72,72,72,72,73,73,73,73,73,74,74,74,75,75,75,76,76,76,77,77,77,78,78,78,79,79,80,80,80,81,81,82,82,83,83,84,84,85,86,86,87,87,88,89,89,90,91,91,92,93,94,94,95,96,97,98,99,100,101,101,102,104,105,106,107,108,109,110,112,113,114,116,134,136,138,139,141,143,145,147,149,151,173,176,178,181,184,208,212,216,219,223,227,232,236,241,245,250,256,261,267,268,267,266,265,265,264,269,276,335,345,355,356,359,372,385,399,436,453,458,461,464,467,469,473,475,478,482
