76,76,76,76,76,76,77,77,77,77,77,77,78,78,78,78,78,79,79,79,79,80,80,80,81,81,81,81,82,82,82,83,83,83,84,84,85,85,85,86,86,87,87,88,88,89,89,90,90,91,91,92,93,93,94,94,95,96,96,97,98,99,99,100,101,102,103,103,104,105,106,105,104,103,102,101,101,100,99,100,101,102,104,105,106,107,108,110,111,112,114,115,117,118,120,122,123,125,127,127,127,126,125,125,124,124,123,125,127,129,132,134,137,140,143,146,149,152,155,154,154,153,153,153,152,153,158,162,167,173,179,185,185,185,184,184,184,183,191,201,211,218,217,217,217,217,221,239,251,251
80,80,81,81,81,81,82,82,82,83,83,83,84,84,84,85,85,85,86,86,86,87,87,88,88,89,89,90,90,91,91,92,92,93,93,94,95,95,96,97,97,98,99,99,100,101,102,102,103,104,105,104,103,103,102,101,100,99,98,99,100,101,102,103,104,105,106,108,109,110,111,113,114,116,117,119,120,122,123,125,126,125,125,124,123,123,122,121,122,124,126,129,131,134,136,139,142,145,148,151,153,152,152,151,151,150,150,151,155,160,164,170,175,181,183,183,182,182,181,181,185,194,203,213,215,215,215,214,214,223,240,249,248,248,248,248,283,283,282,282,288,700,700,700,700,700,700,700,700,700
84,84,85,85,85,86,86,87,87,87,88,88,89,89,90,90,90,91,91,92,92,93,94,94,95,95,96,97,97,98,99,99,100,101,101,102,103,104,104,103,102,101,100,99,98,97,98,98,99,100,101,102,103,104,106,107,108,109,110,112,113,114,116,117,119,120,122,123,124,124,123,122,122,121,120,120,120,122,124,126,128,131,133,135,138,141,144,146,150,151,150,150,149,149,148,148,149,153,157,162,167,172,177,181,180,180,180,179,179,180,188,196,205,213,212,212,212,212,211,225,242,246,246,245,245,251,280,280,280,280,289,700,700,700,700,700,700,700,700,700,700,700,700,700,700,700,700,700,700,700
85,85,86,86,86,87,87,87,88,88,89,89,90,90,90,91,91,92,92,93,93,94,94,95,96,96,97,97,98,99,99,100,101,101,102,103,102,101,100,99,98,98,97,96,97,98,98,99,100,101,102,103,104,105,106,108,109,110,111,112,114,115,116,118,119,121,122,122,122,121,120,120,119,118,118,119,121,123,125,127,129,131,134,136,139,141,144,147,149,148,148,147,146,146,146,146,150,153,158,162,167,172,177,178,178,177,177,177,176,179,187,195,204,210,210,210,209,209,209,222,238,243,243,243,243,244,275,277,277,277,277,357,700,700,700,700,700,700,700,700,700,700,700,700,700,700,700,700,700,700
83,83,83,84,84,84,84,85,85,85,86,86,86,87,87,87,88,88,88,89,89,90,90,90,91,91,92,92,93,93,94,94,95,95,96,97,97,98,98,99,100,100,101,102,101,100,99,98,97,96,95,95,95,96,97,98,99,100,101,101,102,103,104,106,107,108,109,110,111,113,114,115,116,118,119,121,120,119,119,118,117,117,116,115,117,119,121,123,125,127,129,131,133,136,138,141,144,146,146,145,145,144,144,143,143,145,149,153,157,161,165,170,175,176,175,175,174,174,174,177,185,192,201,208,207,207,207,206,206,217,232,241,240,240,240,240,261,274,274,274,274,307,700,700,700,700,700,700,700,700
80,80,80,81,81,81,81,81,81,81,82,82,82,82,82,83,83,83,83,84,84,84,84,85,85,85,85,86,86,86,87,87,87,88,88,89,89,89,90,90,91,91,92,92,92,93,93,94,95,95,96,96,97,97,98,99,99,100,100,99,98,96,95,94,93,93,93,94,95,96,96,97,98,99,100,101,102,103,104,105,106,107,108,109,110,112,113,114,116,117,118,118,117,117,116,115,115,114,113,114,116,118,119,121,123,125,127,129,132,134,136,139,142,144,143,143,142,142,141,141,140,143,146,150,154,158,162,167,172,173,173,172,172,171,171,172,179,186,194,203,205,204,204,204,203,207,220,235,238,238
79,79,79,79,79,79,79,79,79,79,79,79,79,80,80,80,80,80,80,80,80,80,81,81,81,81,81,81,82,82,82,82,82,83,83,83,83,83,84,84,84,85,85,85,85,86,86,86,87,87,87,88,88,89,89,89,90,90,91,91,92,92,93,93,94,94,95,95,96,96,97,98,98,97,96,95,94,93,92,91,91,91,92,93,94,94,95,96,97,98,99,99,100,101,102,103,104,105,106,108,109,110,111,112,114,115,116,115,115,114,113,113,112,111,111,112,114,115,117,119,121,122,124,127,129,131,133,136,138,141,141,140,140,139,139,138,138,138,142,145,149,153,157,161,165,170,170,170,169,169
79,78,78,78,78,78,78,78,78,78,78,78,78,78,78,78,78,78,78,78,78,79,79,79,79,79,79,79,79,79,79,79,80,80,80,80,80,80,81,81,81,81,81,81,82,82,82,82,83,83,83,83,84,84,84,85,85,85,85,86,86,87,87,87,88,88,88,89,89,90,90,91,91,92,92,93,93,94,94,95,95,96,95,94,93,92,91,90,89,88,89,90,90,91,92,92,93,94,95,96,96,97,98,99,100,101,102,103,104,105,106,107,109,110,111,112,114,113,112,111,111,110,109,109,108,109,110,112,113,115,117,119,121,123,125,127,129,131,133,136,139,138,137,137,136,136,135,135,136,139
77,77,77,77,77,77,77,77,77,77,77,77,77,77,77,77,77,77,77,77,77,77,77,77,77,78,78,78,78,78,78,78,78,78,78,79,79,79,79,79,79,80,80,80,80,80,81,81,81,81,82,82,82,82,83,83,83,83,84,84,84,85,85,85,86,86,87,87,87,88,88,89,89,90,90,91,91,92,92,93,93,93,92,91,90,89,88,87,86,86,87,87,88,89,89,90,91,91,92,93,94,95,95,96,97,98,99,100,101,102,103,104,105,106,107,109,110,110,110,109,108,108,107,106,106,105,106,108,109,111,112,114,116,118,119,121,123,126,128,130,132,135,135,135,134,134,133,133,132,132
76,76,76,76,76,76,76,76,76,76,76,76,76,76,76,76,76,76,76,76,76,77,77,77,77,77,77,77,77,78,78,78,78,78,78,79,79,79,79,80,80,80,80,81,81,81,81,82,82,82,83,83,83,84,84,84,85,85,85,86,86,87,87,87,88,88,89,89,90,90,91,89,88,87,86,85,84,83,83,84,84,85,85,86,87,87,88,89,89,90,91,92,93,93,94,95,96,97,98,99,100,101,102,103,104,105,106,108,107,106,105,105,104,104,103,102,102,103,105,106,108,109,111,113,115,116,118,120,122,125,127,129,132,132,132,131,131,130,130,129,129,130,134,137,140,144,148,152,156,161
75,75,75,75,75,75,75,75,75,75,76,76,76,76,76,76,77,77,77,77,77,78,78,78,78,78,79,79,79,79,80,80,80,81,81,81,82,82,82,83,83,83,84,84,84,85,85,86,86,87,87,88,88,87,86,84,83,82,81,80,80,81,81,82,82,83,83,84,85,85,86,87,87,88,89,90,90,91,92,93,94,95,96,97,98,99,100,101,102,103,104,104,103,103,102,101,101,100,99,99,99,101,102,104,105,107,108,110,112,113,115,117,119,121,124,126,128,129,128,128,127,127,127,126,126,126,129,133,136,140,143,147,152,156,158,158,158,157,157,157,156,159,166,173,181,189,190,190,190,189
75,75,76,76,76,76,76,77,77,77,77,78,78,78,78,79,79,79,80,80,80,81,81,81,82,82,83,83,83,84,84,85,85,84,83,82,81,80,79,78,77,77,78,78,79,79,80,81,81,82,82,83,84,84,85,86,86,87,88,89,89,90,91,92,93,94,95,96,97,98,99,100,101,101,100,100,99,98,98,97,96,96,96,97,99,100,101,103,104,106,108,109,111,113,115,117,119,121,123,126,126,125,125,124,124,123,123,122,123,127,130,133,137,140,144,149,153,155,155,155,154,154,154,153,155,162,169,177,185,187,187,187,186,186,186,196,212,221,220,220,220,220,233,255,255,255,254,255,700,700
77,77,77,78,78,78,78,79,79,79,80,80,81,81,81,82,82,83,82,81,80,78,77,76,75,74,75,75,76,76,77,77,78,78,79,79,80,80,81,82,82,83,84,84,85,86,87,87,88,89,90,91,92,92,93,94,95,96,97,98,98,97,96,96,95,94,94,93,93,93,94,96,97,98,100,101,103,104,106,108,110,111,113,115,117,120,122,123,122,122,121,121,120,120,120,119,122,125,128,131,135,139,143,147,151,152,152,151,151,151,150,150,153,160,167,175,184,184,184,184,183,183,183,195,212,218,217,217,217,217,235,252,252,252,252,293,700,700,700,700,700,700,700,700,700,700,700,700,700,700
77,77,77,78,78,78,78,79,79,80,80,80,80,78,77,76,75,74,73,72,72,73,73,74,74,75,75,76,76,77,77,78,78,79,79,80,81,81,82,83,83,84,85,85,86,87,88,89,90,90,91,92,93,94,95,95,94,94,93,93,92,91,91,90,90,91,92,93,94,96,97,98,100,101,103,105,106,108,110,112,114,116,118,120,120,119,119,118,118,117,117,117,117,120,123,126,129,133,137,141,145,150,149,149,148,148,148,148,147,151,157,165,173,181,181,181,181,181,180,180,192,209,215,215,214,214,214,230,249,249,249,249,282,700,700,700,700,700,700,700,700,700,700,700,700,700,700,700,700,700
74,74,75,75,75,75,76,76,76,77,77,77,78,78,78,79,78,77,75,74,73,72,71,70,70,71,71,72,72,72,73,73,74,74,75,75,76,76,77,77,78,79,79,80,80,81,82,82,83,84,85,85,86,87,88,89,90,90,91,92,93,92,92,91,90,90,89,89,88,87,87,88,89,91,92,93,94,96,97,99,100,102,103,105,107,109,111,112,115,117,117,117,116,116,115,115,114,114,114,115,118,121,124,127,131,134,138,143,147,146,146,146,145,145,145,144,147,154,161,169,177,178,178,178,178,178,177,185,201,212,212,212,212,211,213,246,246,246,246,246,700,700,700,700,700,700,700,700,700,700
71,72,72,72,72,72,72,72,73,73,73,73,73,74,74,74,74,75,75,75,75,76,76,76,77,77,77,77,76,75,73,72,71,70,69,69,69,70,70,70,71,71,72,72,72,73,73,74,74,75,75,76,76,77,77,78,79,79,80,80,81,82,82,83,84,85,85,86,87,88,89,89,90,91,90,89,89,88,88,87,86,86,85,85,86,87,88,89,91,92,93,94,96,97,99,100,102,103,105,107,108,110,112,114,114,114,114,113,113,112,112,111,111,112,115,118,121,124,127,130,134,138,142,144,143,143,143,143,142,142,142,147,153,160,168,176,176,175,175,175,175,175,183,199,209,209,209,209,209,209
70,71,71,71,71,71,71,71,71,71,71,71,71,71,72,72,72,72,72,72,72,72,73,73,73,73,73,74,74,74,74,74,75,75,75,75,76,76,76,76,77,76,75,73,72,71,69,68,68,68,69,69,69,70,70,70,71,71,72,72,72,73,73,74,74,75,75,76,76,77,77,78,78,79,80,80,81,81,82,83,83,84,85,86,86,87,88,89,89,88,88,87,86,86,85,84,84,83,83,84,85,86,87,88,90,91,92,93,95,96,97,99,100,102,103,105,107,108,110,112,112,112,111,111,110,110,110,109,109,110,112,115,117,120,123,126,130,133,137,141,141,141,141,140,140,140,139,140,145,151
72,72,72,72,72,72,72,72,72,72,72,72,72,72,72,72,72,72,72,72,72,72,72,72,72,72,73,73,73,73,73,73,73,73,74,74,74,74,74,74,75,75,75,75,75,76,76,76,76,77,77,75,74,72,71,69,68,68,68,68,69,69,69,70,70,70,71,71,71,72,72,73,73,73,74,74,75,75,76,76,77,77,78,78,79,79,80,81,81,82,82,83,84,84,85,86,87,87,88,87,87,86,85,85,84,83,83,82,81,82,83,84,85,86,87,88,89,90,92,93,94,95,97,98,99,101,102,104,106,107,109,111,110,110,109,109,108,108,107,107,107,108,110,113,115,118,121,124,127,130
74,74,74,74,73,73,73,73,73,73,73,73,73,73,73,73,73,73,73,73,73,73,73,74,74,74,74,74,74,74,74,74,74,74,75,75,75,75,75,75,75,76,76,76,76,76,76,77,77,77,77,77,75,73,72,70,69,68,69,69,69,69,70,70,70,71,71,71,72,72,72,73,73,73,74,74,74,75,75,76,76,77,77,78,78,79,79,80,80,81,81,82,82,83,84,84,85,86,86,87,87,86,85,85,84,83,82,82,81,80,81,82,83,84,85,86,87,88,89,90,91,92,93,94,95,97,98,99,101,102,104,105,107,108,109,108,108,107,107,106,106,105,105,105,107,109,111,114,116,119
76,75,75,75,75,75,75,75,75,75,75,75,75,75,75,76,76,76,76,76,76,76,76,76,76,76,76,76,77,77,77,77,77,77,77,78,78,78,78,78,79,78,76,74,72,70,69,69,70,70,70,70,71,71,71,71,72,72,72,73,73,73,74,74,74,75,75,75,76,76,77,77,77,78,78,79,79,80,80,81,81,82,82,83,84,84,85,85,86,87,87,86,85,84,83,83,82,81,80,80,81,81,82,83,84,85,85,86,87,88,89,90,91,92,93,95,96,97,98,99,101,102,104,105,107,108,107,107,106,105,105,104,104,104,103,104,106,108,110,113,115,117,120,122,125,128,131,134,135,134
78,78,78,78,78,78,78,78,78,78,79,79,79,79,79,79,79,79,80,80,80,80,80,78,75,73,71,71,71,71,71,72,72,72,72,72,73,73,73,73,74,74,74,75,75,75,76,76,76,77,77,77,78,78,79,79,79,80,80,81,81,82,82,83,83,84,84,85,85,86,87,87,86,85,84,83,83,82,81,80,80,80,81,82,82,83,84,85,86,86,87,88,89,90,91,92,93,94,95,96,97,99,100,101,102,104,105,106,106,106,105,104,104,103,103,102,102,102,104,106,108,110,112,114,116,118,121,123,126,129,132,133,133,132,132,132,131,131,130,131,135,139,144,148,153,159,164,164,163,163
82,78,75,73,72,73,73,73,73,73,73,74,74,74,74,75,75,75,75,76,76,76,76,77,77,77,78,78,78,79,79,79,80,80,80,81,81,82,82,83,83,84,84,84,85,86,86,87,87,87,86,85,84,83,82,81,80,80,80,81,82,82,83,84,84,85,86,87,87,88,89,90,91,92,93,94,95,96,97,98,99,100,101,102,104,105,105,105,104,104,103,102,102,101,101,101,102,104,105,107,109,111,113,115,117,119,121,124,126,129,132,131,131,130,130,130,129,129,128,131,135,138,143,147,152,157,162,161,161,161,160,160,160,161,168,177,186,194,194,194,193,193,193,199,217,228,227,227,227,227
77,77,78,78,78,79,79,79,79,80,80,80,81,81,81,82,82,83,83,83,84,84,85,85,86,86,87,87,88,87,86,85,84,83,82,81,80,80,81,81,82,82,83,84,84,85,86,86,87,88,89,89,90,91,92,93,94,95,96,97,98,99,100,101,102,103,104,105,104,103,103,102,101,101,100,100,100,101,103,104,106,107,109,111,113,115,117,119,121,123,125,128,130,130,129,129,128,128,127,127,127,129,132,136,140,144,148,152,157,160,159,159,159,158,158,158,160,167,175,183,192,191,191,191,191,190,193,208,225,225,225,225,224,225,265,675,681,687,693,699,700,700,700,700,700,700,700,700,700,700
82,82,82,83,83,83,84,84,84,85,85,86,86,86,87,87,88,88,86,85,84,83,82,81,80,80,81,81,82,82,83,84,84,85,85,86,87,87,88,89,90,90,91,92,93,94,95,95,96,97,98,99,100,101,102,104,104,103,102,102,101,100,100,99,98,99,100,101,103,104,106,107,109,111,112,114,116,118,120,122,124,127,129,128,127,127,126,126,126,125,125,127,130,133,137,140,144,148,152,157,157,157,157,156,156,156,155,160,166,173,181,189,189,189,189,188,188,188,201,217,222,222,222,222,222,238,276,671,677,682,688,694,700,700,700,700,700,700,700,700,700,700,700,700,700,700,700,700,700,700
83,83,83,84,84,84,85,85,85,86,86,86,87,87,88,88,88,86,85,84,83,81,80,80,80,81,81,82,82,83,84,84,85,85,86,87,87,88,88,89,90,91,91,92,93,94,94,95,96,97,98,99,100,101,102,103,102,102,101,100,100,99,98,98,97,98,99,101,102,103,105,106,108,109,111,112,114,116,118,120,122,124,126,127,126,126,125,125,124,124,123,123,126,129,132,135,138,142,145,149,153,155,155,155,154,154,153,153,155,161,167,174,181,187,187,186,186,186,186,188,200,213,220,220,219,219,219,230,260,300,669,675,681,686,691,697,700,700,700,700,700,700,700,700,700,700,700,700,700,700
81,81,82,82,82,82,82,83,83,83,83,84,84,84,85,85,85,86,86,86,87,87,87,88,88,87,85,84,83,81,80,80,80,81,81,81,82,82,83,83,84,84,85,86,86,87,87,88,89,89,90,91,91,92,93,94,94,95,96,97,98,99,100,100,101,102,101,100,99,99,98,97,96,96,96,97,99,100,101,102,104,105,106,108,109,111,113,114,116,118,120,122,123,125,124,124,123,123,122,122,121,121,123,126,128,131,134,137,141,144,148,151,153,153,152,152,152,151,151,152,158,163,170,176,183,184,184,184,183,183,183,191,203,216,217,217,217,217,216,233,262,299,665,670,676,682,687,693,700,700
80,80,80,80,80,80,80,80,81,81,81,81,81,81,81,82,82,82,82,82,83,83,83,83,84,84,84,84,85,85,85,86,86,86,86,87,87,88,88,86,84,83,82,80,79,79,80,80,81,81,81,82,82,83,83,84,84,85,85,86,86,87,88,88,89,90,90,91,92,92,93,94,95,95,96,97,98,99,100,100,100,99,98,97,97,96,95,95,94,95,96,97,98,100,101,102,103,105,106,107,109,110,112,114,115,117,119,121,123,123,122,122,121,120,120,119,119,119,122,124,127,129,132,135,138,142,145,149,151,151,150,150,149,149,148,149,154,159,165,171,177,182,182,181,181,181,180,182,192,203
90,90,90,90,80,80,80,80,80,80,80,80,80,80,80,80,80,80,80,80,80,81,81,81,81,81,81,81,82,82,82,82,82,82,83,83,83,83,83,84,84,84,84,85,85,85,86,86,86,87,87,86,84,83,81,80,79,78,79,79,79,80,80,81,81,81,82,82,83,83,84,84,85,85,86,86,87,87,88,89,89,90,91,91,92,93,93,94,95,96,97,97,98,99,98,97,96,95,95,94,93,92,93,94,95,96,97,98,99,100,101,103,104,105,107,108,109,111,112,114,116,117,119,121,120,120,119,119,118,117,117,116,118,120,122,125,127,130,133,136,139,142,146,149,148,148,147,147,146,146
90,90,90,90,90,90,90,90,90,80,79,79,79,79,79,79,80,80,80,80,80,80,80,80,80,80,80,80,80,80,80,81,81,81,81,81,81,81,82,82,82,82,82,83,83,83,83,83,84,84,84,84,85,85,85,86,86,85,83,81,80,78,77,77,77,78,78,78,79,79,80,80,80,81,81,82,82,83,83,84,84,85,85,86,86,87,87,88,89,89,90,90,91,92,93,93,94,95,96,96,97,96,95,94,93,92,92,91,90,91,91,92,93,94,95,96,98,99,100,101,102,104,105,106,108,109,111,112,114,115,117,118,118,117,117,116,115,115,114,114,115,117,120,122,124,127,130,132,135,138
89,89,89,89,79,79,79,79,79,79,79,79,79,79,79,79,79,79,79,79,79,79,79,79,80,80,80,80,80,80,80,80,80,81,81,81,81,81,81,82,82,82,82,82,83,83,83,83,83,84,84,84,84,82,81,79,77,76,75,76,76,76,77,77,77,78,78,78,79,79,80,80,80,81,81,82,82,83,83,84,84,85,85,86,86,87,87,88,89,89,90,91,91,92,93,94,94,94,93,92,92,91,90,89,89,88,88,89,90,91,92,93,94,95,96,97,98,99,101,102,103,104,106,107,109,110,112,113,115,116,115,114,114,113,113,112,112,111,112,114,117,119,121,124,126,129,132,135,138,141
78,78,78,78,78,78,78,78,79,79,79,79,79,79,79,79,79,79,79,79,80,80,80,80,80,80,80,81,81,81,81,81,82,82,82,82,82,83,82,80,78,76,75,74,74,74,74,75,75,75,76,76,76,77,77,77,78,78,78,79,79,80,80,80,81,81,82,82,83,83,84,84,85,85,86,87,87,88,88,89,90,90,91,92,92,91,90,89,88,88,87,86,85,86,86,87,88,89,90,91,92,93,94,95,96,97,98,99,101,102,103,104,106,107,109,110,112,113,112,112,111,111,110,110,109,109,109,111,113,115,117,120,122,124,127,130,133,136,139,140,140,139,139,138,138,138,137,141,145,150
78,78,79,79,79,79,79,79,79,80,80,80,80,80,80,81,81,81,80,78,76,74,72,72,72,72,73,73,73,73,74,74,74,75,75,75,76,76,76,77,77,77,78,78,79,79,79,80,80,81,81,82,82,83,83,84,84,85,86,86,87,87,88,89,89,89,89,88,87,86,85,84,84,83,83,84,84,85,86,87,88,89,89,90,91,92,93,95,96,97,98,99,100,102,103,104,106,107,109,110,110,109,109,108,107,107,106,106,105,107,109,111,113,115,117,120,122,125,128,130,133,137,137,137,136,136,136,135,135,134,138,142,147,152,157,163,168,168,168,167,167,167,166,171,180,191,201,201,200,200
73,71,70,70,71,71,71,71,72,72,72,72,73,73,73,73,74,74,74,75,75,75,76,76,76,77,77,78,78,79,79,79,80,80,81,81,82,82,83,83,84,85,85,86,86,87,87,86,85,84,84,83,82,81,81,80,81,82,82,83,84,85,86,86,87,88,89,90,91,92,93,94,95,97,98,99,100,101,103,104,106,107,107,106,106,105,105,104,104,103,103,103,105,107,109,111,113,115,118,120,123,125,128,131,134,134,134,133,133,133,132,132,132,134,139,143,148,153,159,165,165,165,164,164,164,164,165,174,185,196,198,198,197,197,197,200,223,251,641,647,652,657,662,668,674,680,700,700,700,700
72,72,72,72,73,73,73,74,74,74,75,75,75,76,76,77,77,77,78,78,79,79,80,80,80,81,82,82,83,83,84,84,85,85,84,83,82,81,80,80,79,78,78,79,79,80,81,81,82,83,84,85,85,86,87,88,89,90,91,92,93,94,95,96,98,99,100,102,103,104,104,104,103,103,102,102,101,101,100,100,102,103,105,107,109,111,114,116,118,121,123,126,129,132,131,131,131,130,130,129,129,129,132,136,140,145,150,156,162,162,162,162,161,161,161,161,169,179,190,195,195,195,194,194,194,211,238,272,642,648,653,659,664,669,675,700,700,700,700,700,700,700,700,700,700,700,700,700,700,700
72,72,72,72,73,73,73,74,74,74,75,75,75,76,76,77,77,77,78,78,79,79,80,80,81,81,82,82,83,83,82,81,80,80,79,78,77,76,76,76,77,77,78,79,79,80,81,82,82,83,84,85,86,87,88,89,90,91,92,93,94,95,96,97,98,100,101,102,102,101,101,100,100,99,99,98,98,98,99,101,103,105,106,108,111,113,115,117,120,122,125,128,129,128,128,128,127,127,127,126,127,130,135,139,144,149,154,160,159,159,159,159,158,158,158,167,176,187,192,192,192,192,191,191,206,231,264,639,644,650,655,661,667,673,700,700,700,700,700,700,700,700,700,700,700,700,700,700,700,700
70,70,70,70,71,71,71,71,72,72,72,72,73,73,73,74,74,74,75,75,75,76,76,76,77,77,78,78,78,79,79,80,80,81,81,82,81,80,79,78,77,76,75,75,74,74,75,76,76,77,78,78,79,80,80,81,82,83,83,84,85,86,87,88,89,90,91,92,93,94,95,96,97,98,100,100,99,99,98,98,97,97,96,96,95,96,98,99,101,103,104,106,108,110,113,115,117,120,122,125,126,126,126,125,125,124,124,124,123,126,130,134,138,143,148,153,157,157,156,156,156,156,155,156,165,174,185,190,189,189,189,189,189,201,225,256,635,640,645,651,656,662,668,700,700,700,700,700,700,700
68,68,68,68,68,69,69,69,69,69,69,69,70,70,70,70,70,71,71,71,71,72,72,72,72,73,73,73,73,74,74,74,75,75,75,76,76,76,77,77,78,78,78,79,79,80,80,81,80,79,78,77,76,75,75,74,73,73,74,74,75,75,76,77,77,78,78,79,80,80,81,82,83,83,84,85,86,87,88,89,90,90,91,93,94,95,96,97,98,98,97,97,96,96,95,94,94,93,93,94,96,97,99,100,102,104,106,108,110,112,114,116,118,121,123,124,124,123,123,122,122,122,121,121,124,128,132,136,140,145,149,155,154,154,154,153,153,153,153,159,167,177,187,187,187,186,186,186,186,204
78,78,78,78,78,78,78,78,79,75,69,69,69,69,69,69,69,69,69,69,70,70,70,70,70,70,70,71,71,71,71,71,72,72,72,72,72,73,73,73,73,74,74,74,74,75,75,75,76,76,76,77,77,77,78,78,78,79,79,80,80,80,79,78,77,76,75,74,73,72,73,73,74,74,75,75,76,76,77,77,78,79,79,80,81,81,82,83,83,84,85,86,87,87,88,89,90,91,92,93,94,95,96,97,96,95,95,94,94,93,92,92,91,92,93,95,96,98,99,101,102,104,106,108,110,112,114,116,118,121,122,122,121,121,120,120,120,119,119,120,124,127,131,134,139,143,148,152,152,152
80,80,80,80,80,80,80,80,80,80,80,80,80,80,80,80,80,76,70,70,70,70,70,71,71,71,71,71,71,71,71,71,71,72,72,72,72,72,72,72,73,73,73,73,73,74,74,74,74,74,75,75,75,75,76,76,76,77,77,77,78,78,78,79,79,79,80,80,80,80,79,77,76,75,74,73,72,72,73,73,74,74,75,75,76,76,77,77,78,78,79,80,80,81,82,82,83,84,84,85,86,87,87,88,89,90,91,92,93,94,95,96,95,95,94,93,93,92,92,91,90,90,91,92,94,95,96,98,99,101,102,104,106,107,109,111,113,115,117,119,120,120,119,119,118,118,118,117,117,119
83,83,83,83,83,83,82,82,82,82,82,82,82,82,82,82,73,72,72,72,73,73,73,73,73,73,73,73,73,73,73,73,73,74,74,74,74,74,74,74,75,75,75,75,75,75,76,76,76,76,76,77,77,77,77,78,78,78,79,79,79,79,80,80,80,81,81,80,79,78,76,75,74,73,73,73,74,74,74,75,75,76,76,77,77,78,78,79,79,80,80,81,81,82,83,83,84,85,85,86,87,88,88,89,90,91,92,93,93,94,95,94,94,93,92,92,91,90,90,89,89,91,92,93,94,95,97,98,99,101,102,104,105,107,109,111,112,114,116,118,119,118,118,117,117,116,116,115,115,117
85,85,85,85,85,75,75,75,75,75,75,75,75,75,75,75,75,75,76,76,76,76,76,76,76,76,76,76,77,77,77,77,77,77,78,78,78,78,78,78,79,79,79,79,80,80,80,80,81,81,81,82,82,82,82,81,79,78,76,75,74,74,74,75,75,75,76,76,76,77,77,78,78,79,79,80,80,81,81,82,82,83,83,84,85,85,86,87,87,88,89,89,90,91,92,93,93,94,95,94,93,92,92,91,90,90,89,88,89,90,91,92,94,95,96,97,98,100,101,102,104,105,107,108,110,112,113,115,117,117,117,116,116,115,115,114,114,113,115,118,120,123,126,129,132,135,139,142,146,146
78,78,78,78,79,79,79,79,79,79,79,79,79,80,80,80,80,80,80,81,81,81,81,81,82,82,82,82,83,83,83,83,84,84,83,81,80,78,76,75,75,75,76,76,76,77,77,78,78,78,79,79,80,80,80,81,81,82,82,83,83,84,84,85,86,86,87,87,88,89,89,90,91,91,92,93,94,94,95,94,93,92,91,91,90,89,89,88,89,90,91,92,93,94,95,96,98,99,100,101,103,104,105,107,108,110,111,113,115,116,116,116,115,115,114,114,113,113,112,114,116,119,121,124,126,129,132,135,138,142,144,144,143,143,143,142,142,142,144,149,154,160,166,172,175,175,175,174,174,174
83,84,84,84,84,84,85,85,85,85,86,85,83,81,80,78,77,77,77,77,78,78,78,79,79,79,80,80,80,81,81,82,82,82,83,83,84,84,85,85,86,86,87,87,88,89,89,90,90,91,92,92,93,94,94,95,94,94,93,92,91,90,89,89,88,89,90,91,92,93,94,95,96,97,98,99,100,101,102,103,105,106,107,109,110,112,113,115,116,115,114,114,113,113,112,112,111,112,114,116,118,121,123,125,128,130,133,136,139,142,142,142,142,141,141,140,140,141,145,149,154,159,164,170,173,173,172,172,172,172,171,180,190,200,212,225,240,411,411,541,610,615,619,624,628,633,638,644,649,689
79,79,80,80,80,80,81,81,81,82,82,82,83,83,84,84,84,85,85,86,86,87,87,88,88,89,89,90,90,91,91,92,93,93,94,94,95,95,94,93,92,91,91,90,89,88,89,90,91,91,92,93,94,95,96,97,98,99,100,101,102,103,104,105,107,108,109,111,112,114,115,114,114,113,112,112,111,111,110,110,112,114,116,118,120,122,124,127,129,132,134,137,140,141,141,140,140,139,139,138,138,141,145,149,154,158,163,169,171,171,170,170,170,169,169,177,185,194,204,216,228,242,409,409,515,605,608,613,618,622,628,632,637,643,648,700,700,700,700,700,700,700,700,700,700,700,700,700,700,700
83,84,84,84,85,85,85,86,86,86,87,87,88,88,89,89,90,90,91,91,92,92,93,93,94,95,95,96,95,94,93,92,91,90,89,88,89,90,90,91,92,93,93,94,95,96,97,98,99,100,101,102,103,104,105,106,107,108,110,111,112,114,114,113,112,112,111,110,110,109,109,111,112,114,116,118,119,121,124,126,128,130,133,135,138,140,139,139,138,138,137,137,136,138,142,146,149,154,158,163,168,169,169,168,168,168,167,168,174,182,190,199,209,220,232,245,407,406,418,537,604,609,613,618,622,627,632,637,642,648,700,700,700,700,700,700,700,700,700,700,700,700,700,700,700,700,700,700,700,700
84,84,84,85,85,85,86,86,86,87,87,88,88,88,89,89,90,90,90,91,91,92,92,93,93,94,94,95,96,96,94,93,92,91,90,89,88,89,89,90,91,91,92,93,94,94,95,96,97,98,99,99,100,101,102,103,104,105,107,108,109,110,111,113,113,112,112,111,110,109,109,108,108,109,111,112,114,115,117,119,121,123,125,127,129,131,134,136,138,137,137,136,136,135,135,134,136,139,143,146,150,154,158,163,167,167,166,166,166,165,165,167,173,180,188,196,205,215,226,237,405,404,404,418,531,601,605,610,614,619,623,628,634,639,643,700,700,700,700,700,700,700,700,700,700,700,700,700,700,700
82,83,83,83,83,83,84,84,84,84,85,85,85,85,86,86,86,87,87,87,88,88,88,89,89,89,90,90,91,91,91,92,92,93,93,94,94,95,95,96,95,93,92,91,90,89,88,88,89,89,90,91,91,92,93,93,94,95,96,96,97,98,99,100,101,102,103,104,105,106,107,108,109,110,111,112,111,110,110,109,108,108,107,106,107,109,110,112,113,115,117,118,120,122,124,126,128,130,133,135,136,136,135,134,134,133,133,132,134,137,140,144,147,151,154,159,163,165,164,164,164,163,163,162,167,173,180,187,194,203,212,222,233,245,402,402,401,502,538,599,604,608,613,617,622,626,631,637,642,700
92,92,92,92,92,92,92,92,92,93,89,84,83,83,83,83,83,84,84,84,84,84,85,85,85,85,85,86,86,86,86,87,87,87,88,88,88,89,89,89,90,90,90,91,91,92,92,92,93,93,94,94,95,95,94,93,92,90,89,88,87,88,88,89,89,90,90,91,92,92,93,94,94,95,96,97,98,98,99,100,101,102,103,104,105,106,107,108,109,110,111,110,109,108,107,107,106,105,105,106,107,109,110,111,113,114,116,118,119,121,123,125,127,129,131,133,134,134,133,132,132,131,131,130,132,135,138,141,144,148,151,155,159,163,162,162,161,161,161,160,162,167,173,180,187,194,202,211,221,231
92,92,92,92,92,92,92,92,92,92,92,92,92,92,92,92,92,92,93,93,93,91,86,83,83,83,83,83,84,84,84,84,84,84,85,85,85,85,85,86,86,86,86,87,87,87,87,88,88,88,89,89,89,90,90,90,91,91,91,92,92,93,93,94,94,94,93,92,90,89,88,87,86,87,87,88,88,89,89,90,91,91,92,93,93,94,95,95,96,97,98,98,99,100,101,102,103,104,105,106,107,108,109,109,108,107,106,105,105,104,103,103,104,106,107,108,110,111,113,114,116,117,119,121,122,124,126,128,130,132,132,131,130,130,129,129,128,129,131,134,137,140,143,146,150,153,157,160,160,159
93,93,93,92,92,92,92,92,92,92,92,92,92,92,92,92,92,92,92,92,92,92,92,93,93,87,83,83,83,83,83,83,83,83,84,84,84,84,84,84,85,85,85,85,85,86,86,86,86,87,87,87,87,88,88,88,88,89,89,89,90,90,91,91,91,92,92,92,93,93,92,90,89,87,86,85,85,85,86,86,87,87,88,89,89,90,90,91,92,92,93,93,94,95,96,96,97,98,99,99,100,101,102,103,104,105,106,107,106,106,105,104,103,102,102,101,101,102,103,105,106,107,109,110,111,113,114,116,118,119,121,123,125,127,129,130,129,128,128,127,127,126,126,127,129,132,135,137,140,144
92,92,92,92,92,92,92,92,92,92,92,92,92,92,92,92,92,92,85,82,82,82,82,83,83,83,83,83,83,83,83,83,84,84,84,84,84,84,85,85,85,85,85,86,86,86,86,87,87,87,87,88,88,88,89,89,89,90,90,90,91,91,92,91,89,88,86,85,84,83,84,84,85,85,85,86,86,87,88,88,89,89,90,90,91,92,92,93,94,94,95,96,96,97,98,99,100,101,101,102,103,104,105,104,103,102,101,101,100,99,98,99,100,101,103,104,105,106,108,109,110,112,113,115,117,118,120,122,124,126,127,127,126,126,125,124,124,123,123,125,128,130,133,136,139,142,145,148,152,155
91,91,81,82,82,82,82,82,82,82,82,82,82,82,82,83,83,83,83,83,83,83,84,84,84,84,84,84,85,85,85,85,86,86,86,86,87,87,87,88,88,88,88,89,89,90,90,90,88,86,85,84,82,81,82,82,83,83,83,84,84,85,85,86,86,87,87,88,88,89,90,90,91,91,92,93,94,94,95,96,96,97,98,99,100,101,101,102,102,101,100,99,99,98,97,96,96,97,98,99,100,102,103,104,105,107,108,109,111,112,114,115,117,119,121,122,124,124,124,123,122,122,121,121,120,121,124,126,129,131,134,137,140,143,146,150,152,152,151,151,150,150,150,150,155,160,165,171,177,184
82,82,82,83,83,83,83,83,84,84,84,84,84,85,85,85,85,86,86,86,86,87,87,87,88,88,88,87,86,84,82,81,79,80,80,80,81,81,82,82,83,83,83,84,84,85,85,86,86,87,87,88,89,89,90,90,91,92,92,93,94,95,95,96,97,98,98,99,100,99,98,98,97,96,95,94,94,94,95,96,97,98,99,100,101,102,104,105,106,108,109,111,112,114,115,117,119,120,122,121,121,120,120,119,118,118,117,119,121,123,126,128,131,134,137,140,143,147,150,149,149,148,148,147,147,147,150,155,160,166,172,178,185,192,200,209,219,387,386,386,385,388,486,519,583,586,591,595,599,603
85,85,85,86,86,86,86,87,85,84,82,80,79,78,78,78,79,79,79,80,80,81,81,81,82,82,83,83,84,84,85,85,86,86,87,87,88,88,89,90,90,91,92,92,93,94,94,95,96,97,98,97,96,95,95,94,93,92,91,91,92,93,94,95,96,97,98,99,100,102,103,104,105,107,108,109,111,112,114,116,117,119,119,118,118,117,116,116,115,115,115,118,120,122,124,127,130,132,135,138,142,145,147,146,146,145,145,144,144,144,148,153,158,163,169,176,182,190,198,206,216,384,383,383,382,384,482,515,579,583,588,591,596,600,605,610,615,619,661,700,700,700,700,700,700,700,700,700,700,700
77,76,77,77,77,78,78,78,79,79,79,80,80,80,81,81,82,82,83,83,84,84,85,85,86,86,87,87,88,88,89,90,90,91,92,92,93,94,95,95,95,94,93,92,92,91,90,89,89,89,90,91,92,93,94,95,96,97,98,99,101,102,103,104,106,107,109,110,111,113,115,116,116,116,115,115,114,113,113,112,112,114,116,118,121,123,126,128,131,134,137,140,143,144,143,143,142,142,142,141,142,146,151,155,161,166,173,179,186,194,202,212,222,381,380,380,379,473,504,575,580,583,588,592,597,601,606,611,616,620,700,700,700,700,700,700,700,700,700,700,700,700,700,700,700,700,700,700,700,700
76,76,76,76,77,77,77,78,78,78,79,79,79,80,80,81,81,81,82,82,83,83,84,84,85,85,86,86,87,88,88,89,89,90,91,91,92,93,93,93,92,91,91,90,89,88,87,87,87,88,89,90,91,92,93,93,94,96,97,98,99,100,101,102,104,105,106,108,109,111,112,114,114,113,113,112,112,111,111,110,110,111,113,115,117,119,122,124,127,129,132,135,138,141,141,141,140,140,139,139,139,139,143,148,153,158,163,169,175,182,189,197,206,216,378,378,377,377,386,485,519,574,579,583,587,591,596,600,605,610,615,688,700,700,700,700,700,700,700,700,700,700,700,700,700,700,700,700,700,700
84,84,82,80,77,75,75,75,75,75,76,76,76,77,77,77,77,78,78,78,79,79,79,80,80,81,81,81,82,82,83,83,84,84,85,85,86,86,87,87,88,88,89,90,90,91,92,92,91,90,89,89,88,87,86,85,85,86,87,88,88,89,90,91,92,93,94,95,96,97,98,99,100,101,103,104,105,107,108,109,111,112,112,111,110,110,109,109,108,108,108,109,111,113,115,117,120,122,124,127,129,132,135,138,139,138,138,137,137,137,136,136,139,143,148,152,158,163,169,175,182,189,197,205,215,376,375,375,374,381,477,510,572,575,580,583,588,592,597,601,606,611,636,700,700,700,700,700,700,700
82,82,82,82,83,83,83,83,83,83,83,84,84,84,84,82,79,77,75,75,75,75,75,76,76,76,76,77,77,77,78,78,78,78,79,79,79,80,80,81,81,81,82,82,82,83,83,84,84,85,85,86,86,87,87,88,88,89,90,90,91,91,90,89,88,87,86,85,84,84,84,85,86,86,87,88,89,90,91,91,92,93,94,95,96,97,98,99,101,102,103,104,105,107,108,110,110,110,109,108,108,107,107,106,106,106,108,109,111,113,115,117,119,122,124,126,129,132,134,137,136,136,135,135,134,134,134,134,138,142,146,151,156,161,166,172,178,185,192,200,209,374,373,372,372,371,385,481,514,569
83,83,83,83,83,83,83,83,83,83,83,83,83,83,83,83,83,84,84,84,84,84,84,84,84,85,85,84,81,79,76,75,76,76,76,76,76,77,77,77,77,78,78,78,78,79,79,79,80,80,80,80,81,81,82,82,82,83,83,83,84,84,85,85,86,86,87,87,88,88,89,89,90,90,90,89,88,87,86,85,84,83,83,84,84,85,86,87,87,88,89,90,90,91,92,93,94,95,96,97,98,99,100,101,102,103,104,106,107,108,109,108,107,107,106,106,105,104,104,104,106,108,109,111,113,115,117,119,121,123,126,128,131,133,135,134,134,133,133,132,132,131,133,136,140,144,148,153,157,162
85,85,85,85,85,85,85,85,85,85,85,85,85,85,85,85,85,85,85,85,85,85,85,85,85,85,85,86,86,86,86,86,86,86,83,80,77,77,77,77,77,77,78,78,78,78,78,79,79,79,79,80,80,80,80,81,81,81,82,82,82,83,83,83,84,84,84,85,85,86,86,86,87,87,88,88,89,89,90,90,90,89,88,87,86,85,84,83,83,84,84,85,85,86,87,87,88,89,90,90,91,92,93,94,95,95,96,97,98,99,100,101,102,104,105,106,107,108,107,106,106,105,104,104,103,103,103,104,106,107,109,111,113,114,116,118,120,122,124,127,129,132,133,132,132,131,131,130,130,129
88,88,87,87,87,87,87,87,87,87,87,87,87,87,87,87,87,87,87,87,87,87,87,88,88,88,88,88,88,88,86,82,78,79,79,79,79,79,79,79,80,80,80,80,80,81,81,81,81,81,82,82,82,83,83,83,83,84,84,84,85,85,85,86,86,86,87,87,88,88,89,89,89,90,90,91,91,90,88,87,86,85,84,83,83,84,85,85,86,86,87,88,88,89,90,90,91,92,93,93,94,95,96,97,98,99,99,100,101,102,104,105,106,107,107,106,105,105,104,103,103,102,101,103,104,105,107,108,110,111,113,115,117,118,120,122,124,127,129,131,131,131,130,130,129,129,128,128,130,133
90,90,90,90,90,90,90,90,90,90,90,90,90,90,90,90,90,84,81,81,81,81,81,81,81,82,82,82,82,82,82,83,83,83,83,83,84,84,84,84,85,85,85,85,86,86,86,87,87,87,88,88,88,89,89,89,90,90,91,91,92,92,91,90,89,87,86,85,84,84,85,85,86,86,87,87,88,88,89,90,90,91,92,92,93,94,95,95,96,97,98,99,99,100,101,102,103,104,105,106,106,106,105,104,103,103,102,101,101,102,103,104,106,107,108,110,111,113,115,116,118,120,122,123,125,128,130,130,129,129,128,128,127,127,126,128,131,133,136,139,143,146,150,154,158,162,166,171,176,182
83,84,84,84,84,84,84,84,84,85,85,85,85,85,85,86,86,86,86,86,87,87,87,87,88,88,88,89,89,89,89,90,90,91,91,91,92,92,92,93,93,92,91,89,88,86,85,85,85,86,86,87,87,88,88,89,89,90,91,91,92,92,93,94,94,95,96,96,97,98,99,100,100,101,102,103,104,105,106,107,106,105,104,103,102,102,101,100,101,102,103,105,106,107,109,110,111,113,114,116,117,119,121,123,124,126,128,129,128,128,127,127,126,125,125,126,128,131,134,136,139,142,146,149,152,156,160,164,169,173,178,183,189,195,201,325,336,348,361,362,361,360,360,364,453,459,484,544,557,561
89,89,90,90,90,90,91,91,91,91,92,92,92,93,93,93,94,94,95,94,92,90,89,87,86,86,87,87,87,88,88,89,89,90,90,91,91,92,93,93,94,94,95,96,96,97,98,98,99,100,101,101,102,103,104,105,106,107,106,105,104,103,102,102,101,100,101,102,103,104,105,106,107,109,110,111,113,114,115,117,118,120,122,123,125,127,128,127,127,126,126,125,124,124,124,126,129,131,134,136,139,142,145,148,151,155,158,162,166,170,175,179,184,190,195,201,318,329,340,352,360,359,359,358,357,368,451,461,485,543,554,559,562,566,570,574,578,582,587,591,595,671,700,700,700,700,700,700,700,700
95,96,96,94,92,90,89,87,87,88,88,88,89,89,90,90,91,91,92,92,93,93,94,94,95,95,96,97,97,98,98,99,100,100,101,102,103,103,104,105,106,107,106,105,104,103,102,101,100,100,101,102,103,104,105,106,107,108,109,111,112,113,115,116,117,119,120,122,123,125,127,127,126,125,125,124,124,123,122,124,126,128,131,133,135,138,140,143,146,149,152,156,159,163,166,170,175,179,184,189,194,199,310,319,329,340,352,358,357,357,356,355,367,449,456,478,533,551,555,559,562,567,570,574,578,582,587,592,629,700,700,700,700,700,700,700,700,700,700,700,700,700,700,700,700,700,700,700,700,700
88,88,89,89,89,90,90,91,91,91,92,92,93,93,94,94,95,95,96,96,97,97,98,99,99,100,100,101,102,103,103,104,105,105,106,106,105,104,103,102,101,100,99,100,101,102,103,104,105,106,107,108,109,110,112,113,114,115,117,118,119,121,122,124,125,126,125,125,124,123,123,122,121,122,124,126,128,130,133,135,137,140,142,145,148,151,154,157,160,164,168,171,175,180,184,189,194,232,305,314,324,334,344,356,356,355,354,353,357,445,446,459,481,535,550,553,556,561,564,568,572,576,580,584,589,628,700,700,700,700,700,700,700,700,700,700,700,700,700,700,700,700,700,700,700,700,700,700,700,700
97,94,92,90,89,89,90,90,90,91,91,91,92,92,92,93,93,94,94,95,95,96,96,97,97,98,98,99,99,100,100,101,102,102,103,104,104,105,106,106,105,104,103,102,101,100,99,100,100,101,102,103,104,105,106,107,108,109,110,111,112,114,115,116,117,119,120,121,123,124,125,124,123,123,122,121,121,120,121,123,125,126,128,130,133,135,137,139,142,144,147,150,153,156,159,162,166,170,173,177,182,186,191,196,233,304,313,322,332,342,353,353,353,352,351,353,438,444,451,472,495,546,549,553,556,560,564,568,572,576,580,585,588,667,700,700,700,700,700,700,700,700,700,700,700,700,700,700,700,700
96,96,97,97,97,97,97,98,98,98,98,99,97,94,92,89,89,90,90,90,91,91,91,92,92,92,93,93,93,94,94,95,95,96,96,96,97,97,98,98,99,100,100,101,101,102,102,103,104,104,105,106,105,104,102,101,100,99,98,99,100,100,101,102,103,104,105,106,107,108,109,110,111,112,113,114,115,116,118,119,120,122,123,123,123,122,121,120,120,119,118,119,121,123,124,126,128,130,132,134,137,139,141,144,146,149,152,155,158,161,164,168,171,175,179,183,188,192,228,265,305,313,322,331,342,352,351,350,349,349,352,435,442,448,468,490,543,546,550,553,557,561,564,569,572,577,581,585,642,700
95,95,95,95,95,95,96,96,96,96,96,96,96,96,96,97,97,97,97,97,97,98,98,98,98,99,98,95,92,89,89,90,90,90,90,91,91,91,92,92,92,93,93,93,94,94,95,95,95,96,96,97,97,98,98,99,99,100,100,101,101,102,103,103,104,104,105,103,102,101,100,99,98,97,98,99,99,100,101,102,103,104,104,105,106,107,108,109,110,111,112,113,115,116,117,118,119,121,122,121,121,120,119,118,117,117,117,118,120,122,123,125,127,129,131,133,135,137,139,142,144,147,149,152,155,158,161,164,168,171,175,179,183,187,192,227,263,302,310,319,328,338,348,349,348,347,346,348,361,439
96,96,96,96,95,95,95,95,95,95,95,95,95,96,96,96,96,96,96,96,96,96,96,96,96,96,97,97,97,97,97,97,98,98,98,98,98,95,92,89,89,89,89,90,90,90,90,91,91,91,92,92,92,92,93,93,94,94,94,95,95,96,96,96,97,97,98,98,99,99,100,100,101,101,102,103,103,103,102,101,99,98,97,96,96,97,97,98,99,100,100,101,102,103,104,104,105,106,107,108,109,110,111,112,113,114,116,117,118,119,120,119,118,117,117,116,115,114,115,117,118,120,121,123,125,127,128,130,132,134,137,139,141,144,146,149,151,154,157,160,163,167,170,174,178,182,186,219,225,261
96,96,96,96,96,95,95,95,95,95,95,95,95,95,95,95,95,95,95,95,95,96,96,96,96,96,96,96,96,96,96,96,97,97,97,97,97,97,96,92,89,88,88,88,89,89,89,89,90,90,90,90,91,91,91,91,92,92,92,93,93,94,94,94,95,95,96,96,96,97,97,98,98,99,99,100,100,101,101,102,100,99,98,97,95,94,94,95,95,96,97,97,98,99,100,100,101,102,103,104,105,105,106,107,108,109,110,111,112,114,115,116,117,118,117,116,115,114,114,113,112,113,114,115,117,118,120,122,123,125,127,129,131,133,135,137,139,142,144,147,149,152,155,158,161,164,168,171,175,179
95,95,95,95,95,95,95,95,95,95,95,95,95,95,95,95,95,95,95,95,95,95,96,96,96,96,96,96,96,94,90,87,87,87,87,87,88,88,88,88,88,89,89,89,89,90,90,90,91,91,91,92,92,92,93,93,93,94,94,94,95,95,96,96,97,97,98,98,99,99,100,99,98,97,95,94,93,92,92,93,93,94,95,95,96,97,97,98,99,100,100,101,102,103,104,105,106,107,107,108,110,111,112,113,114,115,115,114,113,112,112,111,110,109,110,112,113,114,116,117,119,121,122,124,126,128,130,132,134,136,138,141,143,146,148,151,154,157,160,163,166,170,174,178,182,214,220,255,292,300
94,94,94,94,94,94,95,95,95,95,95,95,90,86,85,86,86,86,86,86,86,87,87,87,87,87,88,88,88,88,89,89,89,90,90,90,90,91,91,91,92,92,93,93,93,94,94,95,95,96,96,96,97,97,98,96,95,94,92,91,90,90,90,91,91,92,93,93,94,95,95,96,97,97,98,99,100,101,101,102,103,104,105,106,107,108,109,110,111,112,113,112,111,110,109,109,108,107,107,108,109,111,112,114,115,117,118,120,122,123,125,127,129,131,133,135,138,140,142,145,147,150,153,156,159,162,166,169,173,177,181,214,249,286,293,301,309,318,327,337,338,337,336,335,335,347,429,428,440,460
85,85,85,86,86,86,86,86,87,87,87,87,88,88,88,89,89,89,89,90,90,90,91,91,91,92,92,93,93,93,94,94,95,95,95,94,93,91,90,89,87,87,88,89,89,90,90,91,91,92,93,93,94,95,95,96,97,98,98,99,100,101,102,102,103,104,105,106,107,108,109,110,109,108,108,107,106,105,104,104,105,106,108,109,110,112,113,115,116,118,119,121,123,125,127,129,131,133,135,137,140,142,145,147,150,153,156,159,163,166,170,174,178,210,245,281,288,296,304,313,322,331,335,334,333,333,332,340,420,425,431,450,471,521,529,532,536,539,542,547,550,554,558,562,566,583,660,700,700,700
88,88,88,88,89,89,89,90,90,90,91,91,92,92,92,93,93,93,92,90,89,87,86,85,85,86,86,87,87,88,88,89,90,90,91,91,92,93,93,94,95,95,96,97,98,99,99,100,101,102,103,104,105,106,107,107,106,106,105,104,103,103,102,101,102,103,105,106,107,108,110,111,113,114,116,117,119,121,123,124,126,128,131,133,135,137,140,142,145,147,150,153,156,160,163,167,170,174,207,241,247,284,292,299,308,317,326,332,331,331,330,329,333,413,422,423,441,461,511,525,528,532,535,539,542,545,550,553,558,561,566,628,700,700,700,700,700,700,700,700,700,700,700,700,700,700,700,700,700,700
89,89,90,90,90,91,91,91,91,89,88,86,85,84,83,83,84,84,85,85,86,86,87,87,88,89,89,90,90,91,92,92,93,94,94,95,96,96,97,98,99,100,101,101,102,103,104,105,104,103,102,102,101,100,99,99,99,100,102,103,104,105,107,108,109,111,112,114,115,117,119,121,122,124,126,128,130,132,135,137,140,142,145,147,150,153,156,160,163,167,171,203,208,242,279,286,294,302,310,319,329,329,328,327,327,326,337,418,419,429,448,469,521,524,527,531,534,537,541,544,549,552,557,560,583,664,700,700,700,700,700,700,700,700,700,700,700,700,700,700,700,700,700,700,700,700,700,700,700,700
87,88,88,88,89,89,89,90,90,89,88,86,85,83,82,81,82,82,83,83,84,84,84,85,85,86,86,87,88,88,89,89,90,91,91,92,92,93,94,95,95,96,97,98,98,99,100,101,102,103,102,101,100,99,99,98,97,96,97,98,99,100,101,102,104,105,106,107,109,110,112,113,115,116,118,120,122,124,126,128,130,132,134,136,139,141,144,147,150,153,156,159,162,166,170,202,236,241,278,285,293,301,309,318,327,326,325,325,324,323,335,417,416,427,446,467,518,521,525,528,531,535,538,542,546,550,554,558,578,658,700,700,700,700,700,700,700,700,700,700,700,700,700,700,700,700,700,700,700,700
84,84,85,85,85,85,85,86,86,86,86,87,87,87,88,88,88,89,89,88,86,85,83,82,80,80,81,81,82,82,82,83,83,84,84,85,85,86,86,87,87,88,88,89,89,90,91,91,92,93,93,94,95,95,96,97,98,99,99,100,101,100,99,98,97,97,96,95,94,95,96,97,98,99,100,101,102,104,105,106,108,109,110,112,113,115,117,118,120,122,124,126,128,130,132,134,136,139,141,144,147,149,152,156,159,162,166,197,202,235,270,277,284,292,300,308,317,324,323,323,322,321,322,334,414,414,426,444,492,515,518,522,525,529,532,535,539,542,547,550,555,570,647,700,700,700,700,700,700,700
82,82,83,83,83,83,83,83,83,83,83,84,84,84,84,84,84,85,85,85,85,86,86,86,86,86,87,87,87,88,88,88,88,88,86,84,82,81,79,80,80,81,81,81,82,82,82,83,83,84,84,85,85,86,86,87,87,88,88,89,89,90,90,91,92,92,93,94,94,95,96,97,97,98,99,99,98,97,96,96,95,94,93,93,93,94,95,96,97,98,99,100,102,103,104,105,106,108,109,111,112,114,115,117,118,120,122,124,126,128,130,132,134,136,139,141,144,146,149,152,155,158,162,165,196,201,234,268,275,282,289,297,305,314,322,321,320,319,319,318,330,408,411,418,436,456,505,514,517,521
83,83,83,83,83,83,83,83,83,83,83,83,83,83,83,83,84,84,84,84,84,84,84,84,84,85,85,85,85,85,85,86,86,86,86,86,87,87,87,87,87,88,88,88,89,88,86,84,82,80,80,80,80,80,81,81,82,82,82,83,83,83,84,84,85,85,86,86,87,87,87,88,89,89,90,90,91,91,92,93,93,94,95,95,96,97,97,98,98,97,96,95,94,93,92,92,92,92,93,94,95,96,97,98,99,100,101,102,104,105,106,107,109,110,111,113,114,116,118,119,121,123,124,126,128,130,132,135,137,139,142,144,147,150,153,156,159,162,192,196,227,233,267,273,280,287,294,302,311,320
95,95,95,95,85,85,85,85,85,85,85,85,85,85,85,85,85,85,85,85,85,85,85,85,85,85,85,85,86,86,86,86,86,86,86,86,87,87,87,87,87,87,88,88,88,88,89,89,89,89,87,84,82,80,80,80,81,81,81,81,82,82,82,83,83,84,84,84,85,85,86,86,86,87,87,88,88,89,89,90,90,91,91,92,93,93,94,94,95,96,96,97,98,97,96,95,94,93,92,91,90,91,92,93,94,94,95,96,97,98,99,100,101,102,103,105,106,107,108,110,111,112,114,115,117,118,120,122,123,125,127,129,131,133,135,137,139,142,144,147,150,152,155,158,186,190,194,225,230,262
87,87,87,87,87,87,87,87,87,87,87,87,87,87,87,87,87,87,87,87,87,87,87,87,87,87,88,88,88,88,88,88,88,88,89,89,89,89,89,90,90,90,90,90,87,85,82,81,81,81,82,82,82,82,83,83,83,84,84,84,85,85,85,86,86,87,87,87,88,88,89,89,90,90,91,91,92,92,93,93,94,94,95,96,96,97,98,97,96,94,93,93,92,91,90,91,92,92,93,94,95,96,96,97,98,99,100,101,102,103,104,105,107,108,109,110,112,113,114,116,117,119,120,122,124,125,127,129,131,133,135,137,139,141,144,146,149,151,154,157,184,187,191,195,225,230,262,268,274,281
89,89,89,89,89,89,89,89,89,89,89,89,90,90,90,90,90,90,90,90,91,91,91,91,91,91,92,92,89,86,83,82,82,83,83,83,83,84,84,84,84,85,85,85,86,86,86,87,87,87,88,88,89,89,89,90,90,91,91,92,92,93,93,94,94,95,95,96,96,97,98,97,96,95,93,92,91,90,90,91,91,92,93,94,94,95,96,97,98,98,99,100,101,102,103,104,105,106,107,109,110,111,112,114,115,116,118,119,121,122,124,125,127,129,131,133,134,136,139,141,143,145,148,150,153,156,181,185,188,192,220,225,229,260,266,272,278,285,292,299,307,313,312,311,311,310,309,318,387,401
93,93,93,93,93,93,93,89,86,84,84,84,84,85,85,85,85,85,86,86,86,86,87,87,87,88,88,88,89,89,89,90,90,90,91,91,92,92,93,93,93,94,94,95,95,96,96,97,98,98,97,95,94,93,92,91,90,91,91,92,93,93,94,95,95,96,97,98,99,99,100,101,102,103,104,105,106,107,108,109,110,111,113,114,115,116,118,119,121,122,123,125,127,128,130,132,134,136,137,139,142,144,146,148,151,153,156,181,184,187,191,218,222,227,257,262,268,274,280,286,293,300,308,311,310,309,308,308,309,319,386,399,400,407,422,438,480,500,503,506,510,513,516,519,523,526,530,533,537,541
88,88,88,89,89,89,89,90,90,90,91,91,91,92,92,92,93,93,94,94,95,95,95,96,96,97,97,98,98,97,96,95,93,92,91,90,91,91,92,93,93,94,95,95,96,97,97,98,99,100,101,101,102,103,104,105,106,107,108,109,110,111,112,113,115,116,117,118,120,121,122,124,125,127,128,130,132,134,135,137,139,141,143,145,148,150,152,155,179,182,185,188,214,218,222,226,256,261,266,272,278,284,290,297,304,309,308,308,307,306,305,314,379,391,398,397,411,426,443,484,499,502,505,508,511,515,518,521,525,528,531,535,538,578,637,700,700,700,700,700,700,700,700,700,700,700,700,700,700,700
93,93,94,94,94,95,95,96,96,97,97,97,98,98,99,97,96,94,93,92,91,91,91,92,92,93,94,94,95,95,96,97,97,98,99,100,100,101,102,103,104,104,105,106,107,108,109,110,111,112,113,114,116,117,118,119,121,122,123,125,126,128,129,131,132,134,136,138,139,141,143,145,148,150,152,175,178,180,183,187,212,216,220,224,252,256,261,267,272,278,284,291,297,304,307,306,305,304,304,305,314,376,388,396,395,408,422,438,477,496,498,502,505,508,511,514,517,520,524,528,532,535,556,609,673,700,700,700,700,700,700,700,700,700,700,700,700,700,700,700,700,700,700,700,700,700,700,700,700,700
95,95,96,96,96,97,97,98,98,98,99,98,96,95,93,92,90,91,91,92,92,93,93,94,95,95,96,96,97,98,98,99,100,100,101,102,103,103,104,105,106,107,108,109,110,111,112,113,114,115,116,117,118,119,121,122,123,125,126,128,129,131,132,134,136,137,139,141,143,145,147,149,151,173,176,179,181,184,187,212,216,220,247,251,256,261,266,272,277,283,289,296,303,305,304,303,302,301,303,311,372,383,394,393,402,416,431,468,487,495,498,501,504,507,511,514,517,520,524,527,531,534,577,632,699,700,700,700,700,700,700,700,700,700,700,700,700,700,700,700,700,700,700,700,700,700,700,700,700,700
93,93,94,94,94,95,95,95,96,96,96,97,97,97,98,98,99,98,97,95,93,92,90,90,91,91,92,92,93,93,94,94,95,95,96,97,97,98,98,99,100,101,101,102,103,103,104,105,106,107,108,109,109,110,111,112,113,114,115,117,118,119,120,121,123,124,125,127,128,130,131,133,134,136,138,139,141,143,145,147,149,170,173,175,178,181,184,208,211,215,219,245,249,254,259,264,269,274,280,286,292,299,303,302,301,300,299,299,307,315,376,387,391,393,406,420,435,473,491,494,497,500,502,505,509,512,515,519,522,526,529,541,588,644,700,700,700,700,700,700,700,700,700,700,700,700,700,700,700,700
91,91,91,91,91,91,91,92,92,92,92,92,93,93,93,93,94,94,94,94,95,95,95,96,96,96,97,97,97,98,98,96,95,93,91,90,90,90,90,91,91,92,92,93,93,94,94,95,95,96,96,97,98,98,99,100,100,101,102,102,103,104,105,105,106,107,108,109,110,111,112,113,114,115,116,117,118,119,120,122,123,124,126,127,128,130,131,133,134,136,138,139,141,143,145,147,168,170,173,175,178,181,183,207,211,214,218,244,248,253,257,262,268,273,278,284,290,297,301,300,299,298,297,296,304,312,372,383,389,389,401,415,429,466,484,490,494,496,499,502,505,509,511,514,518,522,526,529,566,617
99,99,99,89,89,90,90,90,90,90,90,90,90,90,90,90,90,91,91,91,91,91,91,92,92,92,92,92,93,93,93,93,93,94,94,94,95,95,95,95,96,96,96,97,97,96,94,92,90,89,88,89,89,90,90,90,91,91,92,92,93,93,94,94,95,95,96,96,97,98,98,99,100,100,101,102,102,103,104,105,105,106,107,108,109,110,111,112,113,114,115,116,117,118,119,120,121,123,124,125,127,128,130,131,133,134,136,137,139,141,143,145,165,167,170,172,175,177,180,203,207,210,213,239,243,247,252,256,261,266,272,277,283,289,296,298,297,296,295,294,294,302,310,370,381,386,386,398,412,426
99,99,99,99,99,99,99,99,99,99,99,89,89,89,89,89,89,89,89,89,89,89,89,89,90,90,90,90,90,90,90,90,91,91,91,91,91,91,92,92,92,92,92,93,93,93,94,94,94,94,95,95,95,96,94,92,90,88,87,87,87,88,88,88,89,89,89,90,90,91,91,92,92,93,93,94,94,95,95,96,97,97,98,98,99,100,100,101,102,103,103,104,105,106,107,107,108,109,110,111,112,113,114,115,116,117,119,120,121,122,124,125,126,128,129,131,132,134,135,137,139,141,142,163,165,167,169,172,174,177,200,203,206,210,213,239,243,247,252,256,261,266,272,277,283,289,296,295,294,293
99,98,98,98,98,98,98,98,98,98,88,88,88,88,88,88,88,88,88,88,88,88,88,88,88,88,89,89,89,89,89,89,89,89,90,90,90,90,90,90,91,91,91,91,91,92,92,92,92,93,93,93,94,93,91,89,87,85,85,85,85,86,86,86,87,87,87,88,88,89,89,90,90,91,91,91,92,92,93,94,94,95,95,96,96,97,98,98,99,100,100,101,102,103,104,104,105,106,107,108,109,110,111,112,113,114,115,116,117,118,119,121,122,123,124,126,127,129,130,132,133,135,137,139,140,160,163,165,167,170,172,175,197,201,204,207,211,236,240,244,249,253,258,263,269,274,280,286,292,292
87,87,87,87,87,87,87,87,87,87,87,87,87,87,87,87,87,87,87,87,87,88,88,88,88,88,88,88,88,89,89,89,89,89,90,90,90,90,91,91,91,91,91,89,87,85,83,82,83,83,83,84,84,84,85,85,85,86,86,86,87,87,88,88,89,89,90,90,90,91,92,92,93,93,94,94,95,96,96,97,98,98,99,100,100,101,102,103,104,104,105,106,107,108,109,110,111,112,113,114,115,116,118,119,120,121,123,124,125,127,128,130,131,133,135,137,156,158,161,163,165,168,170,193,196,199,202,205,230,234,238,242,247,251,256,261,267,272,278,284,290,289,288,287,286,285,288,296,354,364
85,85,86,86,86,86,86,86,86,86,86,87,87,87,87,87,87,88,88,88,88,89,89,89,88,86,83,81,80,80,80,81,81,81,81,82,82,82,83,83,83,84,84,84,85,85,86,86,87,87,87,88,88,89,89,90,90,91,92,92,93,93,94,95,95,96,97,97,98,99,100,100,101,102,103,104,104,105,106,107,108,109,110,111,112,114,115,116,117,118,120,121,122,124,125,127,128,130,131,133,153,155,157,159,161,164,166,169,191,194,198,201,204,229,233,238,242,246,251,256,261,266,272,278,284,286,285,284,283,282,282,288,296,355,366,375,374,382,395,409,423,461,475,477,480,483,486,489,492,495
86,86,86,87,84,82,80,77,77,78,78,78,78,79,79,79,79,80,80,80,81,81,81,82,82,82,83,83,84,84,84,85,85,86,86,87,87,88,88,89,89,90,90,91,92,92,93,93,94,95,95,96,97,98,98,99,100,101,102,103,104,104,105,106,107,108,109,111,112,113,114,115,116,118,119,120,122,123,125,126,128,129,149,151,153,155,157,160,162,164,187,190,193,196,199,224,228,232,236,241,245,250,255,260,265,271,277,283,283,282,281,280,279,280,288,346,356,367,371,371,383,396,411,447,464,473,475,478,481,484,487,489,493,496,500,503,507,510,527,577,637,700,700,700,700,700,700,700,700,700
77,77,77,78,78,78,79,79,79,80,80,80,81,81,81,82,82,83,83,83,84,84,85,85,86,86,87,87,88,88,89,90,90,91,91,92,93,93,94,95,96,96,97,98,99,100,100,101,102,103,104,105,106,107,108,109,111,112,113,114,115,117,118,119,121,122,124,125,127,147,148,151,153,155,157,159,162,184,187,190,193,196,221,225,229,233,238,242,247,252,257,262,268,274,280,279,278,278,277,276,277,284,343,353,363,368,368,380,393,407,444,461,470,472,475,477,481,484,486,490,493,497,500,504,507,522,572,633,700,700,700,700,700,700,700,700,700,700,700,700,700,700,700,700,700,700,700,700,700,700
76,77,77,77,78,78,78,79,79,79,80,80,81,81,81,82,82,83,83,84,84,85,85,86,86,87,87,88,89,89,90,90,91,92,92,93,94,95,95,96,97,98,99,99,100,101,102,103,104,105,106,107,108,110,111,112,113,115,116,117,119,120,122,123,142,144,146,148,150,152,155,157,159,182,185,188,191,194,219,223,227,231,235,240,244,249,254,260,265,271,277,276,275,274,274,273,273,281,339,349,360,365,364,376,389,404,441,458,467,469,472,475,478,480,483,487,490,493,496,500,503,515,566,627,700,700,700,700,700,700,700,700,700,700,700,700,700,700,700,700,700,700,700,700,700,700,700,700,700,700
74,74,74,74,75,75,75,75,76,76,76,77,77,77,78,78,78,79,79,80,80,80,81,81,82,82,83,83,84,84,85,85,86,86,87,87,88,89,89,90,91,91,92,93,94,94,95,96,97,98,98,99,100,101,102,103,104,105,106,107,109,110,111,112,113,115,116,118,119,121,140,142,143,145,147,149,152,154,156,178,181,184,187,190,215,219,223,227,231,235,240,245,250,255,260,266,272,274,273,272,271,270,269,274,282,342,352,362,362,367,380,393,408,446,462,464,468,470,473,476,479,482,485,488,492,495,499,502,533,589,657,700,700,700,700,700,700,700,700,700,700,700,700,700,700,700,700,700,700,700
70,70,70,70,71,71,71,71,71,72,72,72,72,72,73,73,73,73,74,74,74,74,75,75,75,76,76,76,77,77,77,78,78,78,79,79,80,80,81,81,81,82,82,83,83,84,85,85,86,86,87,87,88,89,89,90,91,91,92,93,94,94,95,96,97,98,99,100,101,101,102,103,105,106,107,108,109,110,112,113,114,115,117,118,137,139,141,143,145,147,149,151,153,175,178,181,184,187,211,215,219,222,226,231,235,240,244,249,255,260,266,271,270,269,269,268,267,267,274,282,343,353,359,358,369,381,395,432,449,460,462,466,468,471,474,477,480,483,486,490,493,497,500,542,601,674,700,700,700,700
78,78,78,78,78,79,79,79,75,71,69,69,69,69,69,69,70,70,70,70,70,70,70,71,71,71,71,71,72,72,72,72,72,73,73,73,73,74,74,74,75,75,75,76,76,76,77,77,77,78,78,78,79,79,80,80,80,81,81,82,82,83,83,84,84,85,86,86,87,87,88,89,89,90,91,91,92,93,94,94,95,96,97,98,99,100,100,101,102,103,105,106,107,108,109,110,112,113,114,115,134,136,137,139,141,143,145,147,149,151,173,176,178,181,184,208,212,215,219,223,227,231,236,240,245,250,255,261,267,268,267,266,265,265,264,268,276,334,344,355,356,359,371,384,398,435,452,458,461,464
