75,75,75,75,76,76,76,76,76,76,76,77,77,77,77,77,78,78,78,78,78,79,79,79,79,80,80,80,81,81,81,82,82,82,83,83,83,84,84,84,85,85,86,86,87,87,88,88,88,89,90,90,91,91,92,92,93,94,94,95,96,96,97,98,98,99,100,101,102,102,103,104,105,105,105,104,103,102,101,100,100,99,100,101,102,103,105,106,107,108,110,111,112,114,115,117,118,119,118,117,117,116,115,115,114,114,116,118,120,122,125,127,129,132,135,136,136,135,135,134,134,133,133,134,138,141,145,149,154,156,156,156,155,155,155,154,156,162,169,176,178,178,178,177,177,177,182,194,201,201
76,76,76,76,76,76,77,77,77,77,77,77,78,78,78,78,78,79,79,79,79,80,80,80,80,81,81,81,82,82,82,82,83,83,84,84,84,85,85,86,86,86,87,87,88,88,89,89,90,90,91,91,92,93,93,94,94,95,96,96,97,98,98,99,100,101,102,102,103,104,105,104,103,102,102,101,100,99,98,99,100,101,102,103,105,106,107,108,109,111,112,114,115,117,118,118,117,116,116,115,114,114,113,114,116,118,120,122,124,126,129,131,134,135,135,134,134,133,133,132,132,133,136,140,144,148,152,155,155,154,154,154,153,153,153,159,166,173,177,177,176,176,176,176,176,187,200,200,200,200
76,77,77,77,77,77,77,77,78,78,78,78,78,79,79,79,79,79,80,80,80,80,81,81,81,82,82,82,82,83,83,83,84,84,85,85,85,86,86,87,87,87,88,88,89,89,90,90,91,91,92,93,93,94,94,95,96,96,97,98,98,99,100,101,102,102,103,104,104,103,102,101,101,100,99,98,98,99,100,101,102,103,104,105,107,108,109,110,112,113,115,116,117,117,116,115,115,114,113,113,112,113,115,117,119,121,123,125,128,130,132,134,134,133,133,132,132,131,131,132,135,138,142,145,149,154,154,153,153,153,152,152,152,156,162,168,175,176,175,175,175,175,174,180,192,199,199,198,198,198
77,77,77,77,78,78,78,78,78,78,79,79,79,79,79,80,80,80,80,81,81,81,81,82,82,82,83,83,83,84,84,84,85,85,85,86,86,87,87,88,88,88,89,89,90,90,91,91,92,93,93,94,94,95,96,96,97,98,98,99,100,101,101,102,103,104,103,102,101,101,100,99,98,97,98,99,100,101,102,103,104,105,106,107,108,110,111,112,114,115,116,116,115,114,114,113,112,112,111,112,114,116,118,120,122,124,126,128,131,133,133,132,132,131,131,130,130,129,132,136,139,143,146,150,153,152,152,152,151,151,151,151,157,163,169,175,174,174,174,173,173,173,181,193,197,197,197,197,197,197
78,78,78,78,78,78,79,79,79,79,79,79,80,80,80,80,81,81,81,81,82,82,82,82,83,83,83,84,84,84,85,85,85,86,86,87,87,87,88,88,89,89,90,90,91,91,92,92,93,93,94,95,95,96,97,97,98,99,99,100,101,102,102,103,103,102,101,100,99,98,97,96,97,98,99,100,101,102,103,104,105,106,107,109,110,111,113,114,115,115,114,114,113,112,112,111,111,111,112,114,116,118,120,122,124,126,128,131,132,132,131,131,130,130,129,129,129,132,135,139,142,146,150,152,151,151,150,150,150,149,151,156,162,168,173,173,173,172,172,172,172,179,191,196,196,196,196,195,195,212
78,78,79,79,79,79,79,79,79,80,80,80,80,80,81,81,81,81,82,82,82,82,83,83,83,84,84,84,85,85,85,86,86,86,87,87,88,88,89,89,89,90,90,91,91,92,92,93,94,94,95,95,96,97,97,98,99,99,100,101,102,102,103,102,101,100,99,98,97,96,96,97,98,99,100,101,102,103,104,105,106,107,108,110,111,112,114,115,114,113,113,112,111,111,110,109,110,112,114,115,117,119,121,123,125,128,130,131,130,130,129,129,128,128,128,128,131,134,137,141,144,148,151,150,150,149,149,149,148,148,153,159,165,172,172,172,171,171,171,170,174,184,195,195,195,194,194,194,199,219
79,79,79,79,79,79,80,80,80,80,80,81,81,81,81,81,82,82,82,82,83,83,83,84,84,84,84,85,85,85,86,86,87,87,87,88,88,89,89,89,90,90,91,91,92,92,93,94,94,95,95,96,97,97,98,98,99,100,101,101,102,102,101,100,99,98,97,96,95,96,97,98,98,99,100,101,102,103,104,106,107,108,109,110,112,113,114,113,113,112,111,110,110,109,109,109,111,113,114,116,118,120,122,124,126,128,130,130,129,129,128,128,127,127,126,129,132,135,138,142,145,149,149,149,148,148,148,147,147,149,154,160,166,171,171,170,170,170,169,169,175,185,194,193,193,193,193,193,201,217
79,79,79,80,80,80,80,80,80,81,81,81,81,81,82,82,82,82,83,83,83,83,84,84,84,84,85,85,85,86,86,87,87,87,88,88,89,89,89,90,90,91,91,92,92,93,93,94,94,95,96,96,97,97,98,99,99,100,101,102,101,100,99,98,97,96,95,95,95,96,97,98,99,100,100,101,102,104,105,106,107,108,109,110,112,113,113,112,111,111,110,109,109,108,108,110,111,113,114,116,118,120,122,124,126,128,129,128,128,127,127,126,126,125,126,129,132,135,138,141,145,148,148,148,147,147,146,146,146,148,153,159,165,170,169,169,169,168,168,168,173,183,192,192,192,192,192,191,195,215
80,80,80,80,80,80,80,81,81,81,81,81,81,82,82,82,82,83,83,83,83,84,84,84,84,85,85,85,86,86,86,87,87,88,88,88,89,89,90,90,90,91,91,92,92,93,93,94,94,95,96,96,97,97,98,99,99,100,101,101,100,99,98,97,96,95,94,94,95,96,97,98,99,99,100,101,102,103,104,105,107,108,109,110,111,112,112,111,110,109,109,108,107,107,108,109,111,112,114,116,117,119,121,123,125,127,128,127,127,126,126,125,125,124,125,128,130,133,136,140,143,147,147,146,146,146,145,145,144,146,151,156,162,168,168,168,168,167,167,167,168,177,188,191,191,191,190,190,190,203
80,80,80,80,80,81,81,81,81,81,81,82,82,82,82,82,83,83,83,83,84,84,84,84,85,85,85,86,86,86,87,87,87,88,88,88,89,89,90,90,90,91,91,92,92,93,93,94,94,95,96,96,97,97,98,99,99,100,101,100,99,98,97,96,95,94,93,94,95,96,97,97,98,99,100,101,102,103,104,105,106,107,108,110,111,111,111,110,109,108,108,107,106,106,107,108,110,111,113,115,116,118,120,122,124,126,127,126,126,125,125,124,124,123,123,126,129,132,134,138,141,144,146,145,145,145,144,144,143,143,148,152,158,163,167,167,166,166,166,166,165,171,180,190,190,189,189,189,189,190
80,80,80,81,81,81,81,81,81,81,82,82,82,82,82,83,83,83,83,83,84,84,84,85,85,85,85,86,86,86,87,87,87,88,88,88,89,89,90,90,90,91,91,92,92,93,93,94,94,95,95,96,97,97,98,98,99,100,100,99,98,97,96,95,94,93,93,94,95,95,96,97,98,99,100,101,102,102,103,104,106,107,108,109,110,110,110,109,108,108,107,106,105,105,106,108,109,110,112,114,115,117,119,121,123,124,126,125,125,124,124,123,123,122,122,124,127,129,132,135,138,142,145,145,144,144,143,143,142,142,144,148,153,159,164,166,165,165,165,164,164,164,172,181,188,188,188,188,188,187
81,81,81,81,81,81,81,81,82,82,82,82,82,82,83,83,83,83,83,84,84,84,84,85,85,85,85,86,86,86,87,87,87,88,88,88,89,89,90,90,90,91,91,92,92,93,93,94,94,95,95,96,96,97,98,98,99,100,99,98,97,96,95,94,93,92,93,94,94,95,96,97,97,98,99,100,101,102,103,104,105,106,107,108,109,110,109,108,107,107,106,105,105,104,105,107,108,109,111,113,114,116,118,119,121,123,125,125,124,123,123,122,122,121,121,122,125,127,130,133,136,139,142,144,143,143,142,142,141,141,141,145,149,154,159,165,164,164,164,163,163,163,165,173,182,187,187,187,186,186
81,81,81,81,81,81,81,82,82,82,82,82,82,83,83,83,83,83,84,84,84,84,85,85,85,85,86,86,86,86,87,87,87,88,88,89,89,89,90,90,90,91,91,92,92,93,93,94,94,95,95,96,96,97,97,98,99,99,98,97,96,95,94,93,92,92,93,93,94,95,96,96,97,98,99,100,101,102,102,103,104,105,107,108,109,109,108,107,106,106,105,104,104,103,105,106,107,109,110,112,113,115,116,118,120,122,124,124,123,123,122,121,121,120,120,121,123,126,128,131,134,137,140,143,142,142,141,141,140,140,140,141,146,150,155,160,163,163,163,162,162,162,161,166,174,183,186,186,185,185
81,81,81,81,82,82,82,82,82,82,82,82,83,83,83,83,83,84,84,84,84,84,85,85,85,85,86,86,86,87,87,87,88,88,88,89,89,89,90,90,91,91,91,92,92,93,93,94,94,95,95,96,96,97,97,98,99,98,97,96,95,94,93,92,91,92,92,93,94,95,95,96,97,98,99,99,100,101,102,103,104,105,106,107,108,108,107,106,105,105,104,103,102,103,104,105,107,108,109,111,112,114,116,117,119,121,123,123,122,121,121,120,120,119,119,120,122,124,127,129,132,135,138,141,141,141,140,140,139,139,139,139,143,148,152,157,162,162,162,161,161,161,160,161,169,177,185,184,184,184
81,82,82,82,82,82,82,82,82,82,83,83,83,83,83,83,84,84,84,84,84,85,85,85,85,86,86,86,87,87,87,87,88,88,88,89,89,89,90,90,91,91,91,92,92,93,93,94,94,95,95,96,96,97,97,98,98,97,95,94,93,92,91,91,91,92,93,93,94,95,95,96,97,98,99,99,100,101,102,103,104,105,106,107,107,106,106,105,104,103,103,102,101,103,104,105,106,108,109,111,112,114,115,117,119,120,122,121,121,120,120,119,119,118,118,119,121,124,126,129,131,134,137,140,140,139,139,139,138,138,137,138,142,146,151,155,161,161,160,160,160,159,159,159,166,174,183,183,183,183
82,82,82,82,82,82,82,82,83,83,83,83,83,83,84,84,84,84,84,85,85,85,85,85,86,86,86,87,87,87,87,88,88,88,89,89,89,90,90,91,91,91,92,92,93,93,94,94,95,95,96,96,97,97,98,97,96,95,93,92,91,90,90,91,91,92,93,93,94,95,96,96,97,98,99,100,101,101,102,103,104,105,106,106,106,105,104,103,102,102,101,100,102,103,104,105,107,108,109,111,112,114,115,117,119,121,121,120,119,119,118,118,117,117,117,119,121,124,126,129,131,134,137,139,139,138,138,137,137,136,136,138,142,146,150,155,160,159,159,159,158,158,158,158,166,173,182,182,182,181
82,82,82,82,82,83,83,83,83,83,83,83,84,84,84,84,84,84,85,85,85,85,86,86,86,86,87,87,87,87,88,88,88,89,89,89,90,90,91,91,91,92,92,93,93,93,94,94,95,95,96,96,97,97,96,94,93,92,91,90,89,90,91,91,92,93,93,94,95,95,96,97,98,98,99,100,101,102,103,104,105,106,105,104,104,103,102,101,101,100,100,101,102,103,105,106,107,109,110,111,113,115,116,118,120,120,119,118,118,117,117,116,116,116,118,120,122,125,127,130,132,135,138,138,137,137,136,136,135,135,135,139,143,147,152,157,158,158,158,157,157,157,156,160,168,176,181,180,180,180
82,82,83,83,83,83,83,83,83,83,84,84,84,84,84,84,85,85,85,85,85,86,86,86,86,87,87,87,88,88,88,88,89,89,89,90,90,91,91,91,92,92,93,93,94,94,94,95,95,96,96,97,95,94,93,91,90,89,89,89,90,91,91,92,92,93,94,95,95,96,97,98,98,99,100,101,102,103,104,105,105,104,103,102,101,101,100,99,99,100,101,102,103,104,106,107,108,110,111,113,114,116,117,119,118,118,117,117,116,115,115,114,115,117,119,122,124,126,129,131,134,137,136,136,135,135,135,134,134,134,138,142,146,150,155,157,157,156,156,156,155,155,158,165,172,179,179,179,179,178
83,83,83,83,83,83,83,84,84,84,84,84,84,84,85,85,85,85,85,86,86,86,86,87,87,87,87,88,88,88,89,89,89,90,90,90,91,91,92,92,92,93,93,94,94,95,95,96,96,96,94,93,92,91,89,88,88,89,90,90,91,91,92,93,93,94,95,95,96,97,98,98,99,100,101,102,103,104,104,103,102,101,101,100,99,98,98,99,100,101,102,103,104,106,107,108,110,111,113,114,116,117,118,117,116,116,115,115,114,113,113,115,117,119,122,124,126,129,131,134,135,135,134,134,134,133,133,132,134,138,141,146,150,154,156,155,155,155,154,154,154,157,164,172,178,178,178,177,177,177
83,83,83,83,83,84,84,84,84,84,84,85,85,85,85,85,85,86,86,86,86,87,87,87,87,88,88,88,89,89,89,90,90,90,91,91,91,92,92,93,93,93,94,94,95,95,96,94,93,92,90,89,88,88,88,89,89,90,90,91,92,92,93,94,94,95,96,96,97,98,99,100,100,101,102,103,103,102,101,100,100,99,98,97,97,98,99,100,101,102,104,105,106,107,109,110,112,113,115,116,117,116,115,115,114,114,113,112,112,114,116,118,120,122,124,127,129,132,134,134,133,133,133,132,132,131,131,135,138,142,146,151,155,154,154,154,153,153,153,152,158,165,173,177,176,176,176,176,175,177
83,83,84,84,84,84,84,84,84,85,85,85,85,85,86,86,86,86,86,87,87,87,87,88,88,88,89,89,89,90,90,90,91,91,91,92,92,92,93,93,94,94,95,95,94,93,92,90,89,88,87,87,88,88,89,90,90,91,91,92,93,93,94,95,95,96,97,98,98,99,100,101,102,103,102,101,100,99,98,98,97,96,96,97,98,100,101,102,103,104,105,107,108,109,111,112,114,115,116,115,114,114,113,112,112,111,111,113,114,116,118,121,123,125,128,130,133,133,132,132,131,131,131,130,130,132,136,139,143,147,152,153,153,152,152,152,151,151,154,160,167,175,175,175,175,174,174,174,180,193
84,84,84,84,84,84,84,85,85,85,85,85,86,86,86,86,86,87,87,87,87,88,88,88,88,89,89,89,90,90,90,91,91,92,92,92,93,93,94,94,95,94,93,91,90,89,87,86,87,87,88,88,89,89,90,90,91,92,92,93,94,94,95,96,96,97,98,99,100,100,101,101,101,100,99,98,97,96,96,95,96,97,98,99,100,101,102,103,105,106,107,108,110,111,113,114,114,114,113,113,112,111,111,110,110,111,113,115,117,119,121,124,126,128,131,132,131,131,130,130,129,129,129,130,133,137,141,145,149,152,152,151,151,151,150,150,150,156,162,169,174,174,173,173,173,173,173,184,197,197
84,84,84,84,84,85,85,85,85,85,86,86,86,86,86,87,87,87,87,88,88,88,88,89,89,89,90,90,90,91,91,91,92,92,93,93,93,94,94,93,91,90,88,87,86,86,86,87,87,88,88,89,90,90,91,91,92,93,93,94,95,95,96,97,97,98,99,100,101,100,99,98,98,97,96,95,94,94,95,96,97,98,99,100,102,103,104,105,106,108,109,110,112,113,113,113,112,111,111,110,110,109,109,110,112,114,116,118,120,122,124,127,129,131,130,130,129,129,128,128,128,128,131,134,138,142,146,150,151,150,150,150,149,149,149,151,157,164,171,173,172,172,172,172,171,174,187,196,196,196
84,84,84,85,85,85,85,85,85,86,86,86,86,86,87,87,87,87,88,88,88,89,89,89,89,90,90,90,91,91,92,92,92,93,93,94,93,91,90,88,87,86,85,86,86,87,87,88,88,89,89,90,90,91,91,92,93,93,94,95,95,96,97,98,98,99,100,99,98,97,97,96,95,94,93,94,94,95,96,97,98,99,101,102,103,104,105,106,108,109,111,112,112,112,111,110,110,109,109,108,108,109,110,112,114,116,118,120,122,125,127,129,129,129,128,128,127,127,126,126,128,131,135,138,142,146,150,149,149,148,148,148,147,147,152,158,164,171,171,171,171,170,170,170,175,187,195,194,194,194
84,85,85,85,85,85,85,85,86,86,86,86,87,87,87,87,87,88,88,88,89,89,89,89,90,90,90,91,91,92,92,92,93,93,92,90,89,87,86,85,85,85,86,86,87,87,88,88,89,89,90,90,91,91,92,93,93,94,95,95,96,97,98,98,99,98,97,97,96,95,94,93,92,93,93,94,95,96,97,98,99,100,102,103,104,105,106,108,109,110,112,111,110,110,109,108,108,107,107,107,108,110,112,114,116,118,120,122,124,127,128,128,127,127,126,126,126,125,125,128,131,134,138,141,145,148,148,147,147,147,146,146,146,150,157,163,170,170,170,169,169,169,169,173,185,193,193,193,193,193
84,85,85,85,85,85,85,86,86,86,86,86,87,87,87,87,88,88,88,88,89,89,89,90,90,90,91,91,91,92,92,93,91,90,88,87,85,84,84,85,85,85,86,86,87,87,88,88,89,89,90,91,91,92,92,93,94,94,95,96,96,97,98,98,97,96,95,94,93,92,92,91,92,93,94,95,96,97,98,99,100,101,102,103,105,106,107,108,110,110,110,109,108,108,107,106,106,105,106,108,109,111,113,115,117,119,121,123,125,127,127,126,126,125,125,124,124,123,126,129,132,136,139,143,147,147,146,146,146,145,145,145,148,153,160,167,169,168,168,168,168,167,167,179,191,192,192,191,191,191
85,85,85,85,85,85,86,86,86,86,86,87,87,87,87,87,88,88,88,89,89,89,89,90,90,90,91,91,91,92,91,89,88,86,85,83,83,84,84,85,85,86,86,86,87,87,88,88,89,90,90,91,91,92,93,93,94,94,95,96,97,97,97,96,95,94,93,92,91,90,91,91,92,93,94,95,96,97,98,99,100,101,102,103,105,106,107,109,109,108,108,107,107,106,105,105,104,105,106,108,110,111,113,115,117,119,121,123,126,126,125,125,124,124,123,123,122,123,126,130,133,136,140,144,146,145,145,144,144,144,143,143,148,154,161,167,167,167,167,166,166,166,169,180,191,190,190,190,190,190
85,85,85,85,85,85,85,86,86,86,86,86,87,87,87,87,88,88,88,88,89,89,89,90,90,90,91,91,91,90,88,87,85,84,83,83,83,84,84,85,85,85,86,86,87,87,88,88,89,89,90,91,91,92,92,93,94,94,95,96,96,96,95,94,93,92,91,90,90,90,90,91,92,93,94,95,96,97,98,99,100,101,102,103,104,106,107,108,108,107,106,106,105,104,104,103,103,104,106,107,109,111,113,115,117,119,121,123,125,124,124,123,123,122,122,121,121,123,126,129,132,135,139,143,144,144,143,143,143,142,142,142,147,153,159,166,166,166,165,165,165,165,166,177,189,189,189,189,188,188
84,85,85,85,85,85,85,86,86,86,86,86,87,87,87,87,87,88,88,88,89,89,89,89,90,90,90,91,89,88,86,84,83,82,82,83,83,83,84,84,85,85,86,86,87,87,88,88,89,89,90,90,91,91,92,93,93,94,95,95,95,94,93,92,91,91,90,89,88,89,90,91,92,92,93,94,95,96,97,98,99,100,101,102,104,105,106,107,106,106,105,104,104,103,103,102,102,103,105,106,108,110,112,113,115,117,119,122,123,123,122,122,121,121,121,120,120,121,124,127,130,133,137,141,143,143,142,142,141,141,141,140,144,149,155,161,165,164,164,164,164,163,163,170,182,188,187,187,187,187
84,84,85,85,85,85,85,85,86,86,86,86,86,87,87,87,87,87,88,88,88,89,89,89,89,90,90,89,88,86,84,83,81,82,82,82,83,83,83,84,84,85,85,86,86,87,87,88,88,89,89,90,90,91,91,92,93,93,94,95,94,93,92,91,90,89,88,88,88,88,89,90,91,92,93,93,94,95,96,97,98,99,100,101,103,104,105,106,105,105,104,103,103,102,101,101,100,102,103,105,107,108,110,112,114,115,117,120,122,122,121,121,120,120,119,119,119,119,121,124,127,130,134,137,141,141,141,141,140,140,140,139,139,144,150,156,162,163,163,163,162,162,162,162,171,183,186,186,186,186
84,84,84,84,85,85,85,85,85,85,86,86,86,86,86,87,87,87,87,88,88,88,88,89,89,89,90,88,86,84,83,81,81,81,81,82,82,83,83,83,84,84,85,85,86,86,86,87,87,88,88,89,90,90,91,91,92,93,93,94,93,92,91,90,89,88,87,86,87,88,88,89,90,91,92,92,93,94,95,96,97,98,99,100,101,102,104,105,104,104,103,102,102,101,100,100,99,100,102,103,105,106,108,110,111,113,115,117,119,121,120,120,119,119,118,118,118,117,118,121,124,127,130,133,137,140,140,140,139,139,139,138,138,138,144,149,155,161,162,161,161,161,161,160,160,170,182,185,185,185
84,84,84,84,84,85,85,85,85,85,85,86,86,86,86,86,87,87,87,87,88,88,88,88,89,89,88,86,85,83,81,80,80,81,81,81,82,82,82,83,83,84,84,84,85,85,86,86,87,87,88,88,89,89,90,91,91,92,92,93,92,91,90,89,88,87,86,85,86,87,87,88,89,90,90,91,92,93,94,95,96,97,98,99,100,101,102,103,103,103,102,101,101,100,99,99,98,99,100,101,103,104,106,108,109,111,113,115,117,119,119,119,118,118,117,117,117,116,116,118,120,123,126,129,132,136,139,139,138,138,138,137,137,137,137,142,148,154,160,160,160,160,160,159,159,159,168,179,184,183
84,84,84,84,84,84,84,85,85,85,85,85,85,86,86,86,86,86,87,87,87,87,88,88,88,89,87,85,83,81,80,80,80,80,80,81,81,82,82,82,83,83,83,84,84,85,85,86,86,87,87,88,88,89,89,90,90,91,91,92,91,90,89,88,87,86,85,84,85,86,86,87,88,89,89,90,91,92,93,94,95,95,96,97,98,100,101,102,102,102,101,100,100,99,98,98,97,97,98,99,101,102,104,105,107,109,110,112,114,116,118,118,117,117,117,116,116,115,115,114,117,119,122,125,128,131,135,138,137,137,137,136,136,136,135,136,141,146,152,158,159,159,159,158,158,158,158,165,176,182
83,84,84,84,84,84,84,84,84,85,85,85,85,85,85,86,86,86,86,87,87,87,87,88,88,87,85,83,81,79,79,79,79,80,80,80,81,81,81,82,82,82,83,83,84,84,85,85,85,86,86,87,87,88,88,89,90,90,91,91,90,89,88,87,86,85,84,83,84,85,85,86,87,88,88,89,90,91,92,92,93,94,95,96,97,98,99,100,101,101,100,99,99,98,97,97,96,96,96,98,99,101,102,104,105,107,108,110,112,114,116,117,116,116,115,115,115,114,114,113,114,116,119,122,125,128,131,134,136,136,135,135,135,134,134,134,135,140,145,151,157,158,157,157,157,157,156,156,164,174
83,83,83,84,84,84,84,84,84,84,84,85,85,85,85,85,86,86,86,86,86,87,87,87,87,85,83,81,79,78,78,79,79,79,80,80,80,81,81,81,82,82,82,83,83,84,84,84,85,85,86,86,87,87,88,88,89,89,90,89,88,87,86,85,84,83,83,83,83,84,85,85,86,87,88,88,89,90,91,92,92,93,94,95,96,97,98,99,100,100,99,98,98,97,96,96,95,94,95,96,98,99,101,102,103,105,107,108,110,112,114,116,115,115,114,114,113,113,113,112,112,114,116,119,122,125,128,131,134,135,134,134,134,133,133,133,132,135,140,146,151,157,156,156,156,155,155,155,155,164
83,83,83,83,83,84,84,84,84,84,84,84,85,85,85,85,85,86,86,86,86,86,87,86,84,82,80,78,78,78,78,78,79,79,79,80,80,80,81,81,81,82,82,82,83,83,84,84,84,85,85,86,86,87,87,88,88,89,89,88,86,85,84,84,83,82,82,82,83,83,84,85,85,86,87,88,88,89,90,91,92,93,93,94,95,96,97,98,99,98,97,97,96,96,95,94,94,93,94,95,97,98,99,101,102,104,105,107,109,111,112,114,114,114,113,113,112,112,111,111,110,112,114,117,120,123,126,129,132,134,133,133,132,132,132,131,131,132,137,142,147,153,155,155,154,154,154,154,153,157
83,83,83,83,83,83,84,84,84,84,84,84,84,85,85,85,85,85,85,86,86,86,85,82,80,78,77,77,77,78,78,78,78,79,79,79,80,80,80,81,81,81,82,82,83,83,83,84,84,85,85,86,86,87,87,88,88,88,86,85,84,83,82,82,81,81,81,82,82,83,84,84,85,86,87,87,88,89,90,90,91,92,93,94,95,96,97,98,97,97,96,95,95,94,93,93,92,92,94,95,96,97,99,100,102,103,105,106,108,110,112,113,113,112,112,111,111,110,110,109,109,111,113,116,119,121,124,127,131,132,132,131,131,131,130,130,130,130,135,140,145,151,154,153,153,153,153,152,152,154
83,83,83,83,83,83,83,83,84,84,84,84,84,84,85,85,85,85,85,86,85,82,80,78,76,76,77,77,77,77,78,78,78,79,79,79,79,80,80,80,81,81,82,82,82,83,83,84,84,84,85,85,86,86,87,87,86,85,84,83,82,81,80,79,80,80,81,82,82,83,84,84,85,86,86,87,88,89,89,90,91,92,93,94,95,96,97,96,95,95,94,93,93,92,92,91,91,92,93,95,96,97,99,100,102,103,105,106,108,110,111,112,111,111,110,110,109,109,108,108,109,111,113,116,118,121,124,127,131,131,130,130,130,129,129,129,128,130,135,140,145,151,152,152,152,151,151,151,151,154
83,83,83,83,83,83,83,83,84,84,84,84,84,84,84,85,85,85,84,81,79,77,76,76,76,76,77,77,77,77,78,78,78,79,79,79,79,80,80,80,81,81,82,82,82,83,83,84,84,85,85,85,86,86,85,84,83,82,81,80,79,78,79,79,80,81,81,82,82,83,84,84,85,86,86,87,88,89,90,90,91,92,93,94,95,95,95,94,93,93,92,91,91,90,90,90,91,92,94,95,96,98,99,100,102,103,105,107,108,110,110,110,109,109,108,108,107,107,107,107,109,112,114,117,119,122,125,128,129,129,129,128,128,128,127,127,127,132,136,141,147,151,151,150,150,150,150,149,149,157
82,83,83,83,83,83,83,83,83,84,84,84,84,84,84,85,82,79,77,75,75,75,76,76,76,76,77,77,77,77,78,78,78,79,79,79,80,80,80,81,81,81,82,82,82,83,83,84,84,85,85,85,84,83,82,81,80,79,78,77,78,78,79,80,80,81,81,82,83,83,84,85,85,86,87,88,88,89,90,91,92,93,93,94,94,93,92,92,91,90,90,89,89,89,90,91,92,93,94,96,97,98,100,101,103,104,106,108,109,109,108,108,107,107,106,106,106,105,106,108,110,113,115,118,121,124,127,128,128,127,127,127,126,126,126,125,130,134,139,145,150,149,149,149,149,148,148,148,154,163
82,82,83,83,83,83,83,83,83,84,84,84,84,82,79,77,74,75,75,75,75,75,76,76,76,76,77,77,77,77,78,78,78,79,79,79,80,80,80,81,81,81,82,82,83,83,84,84,84,84,83,82,81,80,79,78,77,77,77,78,78,79,79,80,81,81,82,82,83,84,84,85,86,87,87,88,89,90,91,91,92,93,93,92,91,91,90,89,89,88,87,87,88,89,90,92,93,94,95,97,98,99,101,102,104,105,107,108,107,107,106,106,105,105,105,104,104,105,108,110,112,115,118,120,123,126,127,126,126,125,125,125,124,124,125,129,134,139,144,148,148,148,147,147,147,147,146,152,162,171
82,82,83,83,83,83,83,83,83,84,82,79,76,74,74,74,74,75,75,75,75,76,76,76,76,77,77,77,77,78,78,78,79,79,79,79,80,80,81,81,81,82,82,83,83,83,84,82,81,80,79,78,77,76,76,76,77,77,78,78,79,79,80,80,81,82,82,83,84,84,85,86,86,87,88,89,90,90,91,92,91,91,90,89,89,88,87,87,86,86,87,88,89,90,91,93,94,95,96,98,99,101,102,104,105,107,106,106,105,105,104,104,103,103,103,103,105,108,110,112,115,117,120,123,125,125,125,124,124,124,123,123,123,125,129,134,139,144,147,146,146,146,146,145,145,145,152,162,170,170
82,82,83,83,83,83,83,81,78,75,73,74,74,74,74,74,75,75,75,75,75,76,76,76,76,77,77,77,77,78,78,78,79,79,79,80,80,80,81,81,82,82,82,83,82,81,80,79,77,76,75,74,75,75,76,76,77,77,78,79,79,80,80,81,81,82,83,83,84,85,86,86,87,88,89,89,90,91,90,89,89,88,87,87,86,86,85,85,86,87,88,89,90,91,93,94,95,96,98,99,101,102,104,105,105,105,104,104,103,103,102,102,101,101,103,105,108,110,112,115,117,120,123,124,124,123,123,122,122,122,122,121,125,129,134,139,144,145,145,145,144,144,144,144,144,153,163,168,168,168
82,82,82,83,81,77,74,73,73,73,73,74,74,74,74,74,75,75,75,75,75,76,76,76,76,77,77,77,78,78,78,79,79,79,80,80,80,81,81,81,82,82,80,79,78,77,76,75,74,74,74,75,75,76,76,77,77,78,78,79,79,80,81,81,82,83,83,84,85,85,86,87,88,88,89,90,89,88,87,87,86,86,85,84,84,84,85,86,87,88,89,90,91,92,94,95,96,98,99,100,102,104,104,103,103,102,102,101,101,101,100,100,101,103,105,107,110,112,115,117,120,123,122,122,122,121,121,121,120,120,120,125,129,134,139,144,144,144,143,143,143,143,142,144,153,163,167,167,167,166
82,81,77,74,73,73,73,73,73,73,73,74,74,74,74,74,75,75,75,75,75,76,76,76,77,77,77,77,78,78,78,79,79,79,80,80,80,81,81,80,79,78,76,75,74,73,73,73,74,74,75,75,76,76,77,77,78,78,79,79,80,80,81,82,82,83,84,84,85,86,87,87,88,88,88,87,86,86,85,84,84,83,83,82,83,84,85,86,87,89,90,91,92,93,94,96,97,99,100,102,103,102,102,101,101,100,100,99,99,99,99,100,102,105,107,109,112,114,117,119,121,121,121,120,120,120,119,119,119,120,124,128,133,138,143,142,142,142,142,141,141,141,142,151,161,165,165,165,165,165
74,72,72,72,72,73,73,73,73,73,73,74,74,74,74,74,75,75,75,75,75,76,76,76,77,77,77,77,78,78,78,79,79,79,80,80,80,79,78,76,75,74,73,72,72,72,73,73,74,74,75,75,76,76,77,77,78,78,79,79,80,81,81,82,83,83,84,85,85,86,87,88,87,86,85,85,84,83,83,82,82,81,82,83,84,85,86,87,88,89,90,91,93,94,95,96,98,99,101,101,101,100,100,99,99,99,98,98,97,98,99,101,104,106,108,110,113,115,118,120,120,119,119,119,118,118,118,117,118,122,126,131,135,141,141,141,141,140,140,140,140,139,147,157,164,164,164,164,163,163
72,72,72,72,72,72,73,73,73,73,73,73,74,74,74,74,74,75,75,75,75,76,76,76,76,77,77,77,78,78,78,79,79,79,79,78,77,75,74,73,72,71,71,72,72,72,73,73,74,74,75,75,76,76,77,77,78,78,79,79,80,81,81,82,83,83,84,85,85,86,86,85,85,84,83,83,82,81,81,80,80,81,82,83,84,85,86,87,88,89,90,92,93,94,95,97,98,100,100,100,99,99,98,98,97,97,96,96,96,98,100,102,104,106,108,111,113,116,119,118,118,118,117,117,117,116,116,116,119,123,127,132,137,140,140,139,139,139,139,138,138,141,150,160,163,162,162,162,162,162
72,72,72,72,72,72,72,73,73,73,73,73,74,74,74,74,74,75,75,75,75,76,76,76,76,77,77,77,78,78,78,78,79,78,76,75,74,73,71,70,70,71,71,71,72,72,73,73,74,74,75,75,75,76,76,77,78,78,79,79,80,80,81,82,82,83,84,85,85,85,84,83,83,82,81,81,80,79,79,79,80,81,82,83,84,85,86,87,88,89,90,91,93,94,95,96,98,99,98,98,97,97,97,96,96,95,95,94,96,98,100,102,104,106,108,111,113,116,117,117,116,116,116,115,115,115,115,115,118,122,127,131,136,138,138,138,138,137,137,137,137,141,149,159,161,161,161,161,161,161
71,72,72,72,72,72,72,72,73,73,73,73,73,73,74,74,74,74,75,75,75,75,76,76,76,76,77,77,77,78,78,78,76,75,74,72,71,70,69,70,70,70,71,71,72,72,72,73,73,74,74,75,75,76,76,77,77,78,78,79,80,80,81,81,82,83,83,84,84,83,82,82,81,80,80,79,78,78,78,79,80,80,81,82,83,84,85,86,87,88,90,91,92,93,94,96,97,98,97,97,96,96,95,95,94,94,93,93,95,97,99,101,103,105,107,109,112,115,116,116,115,115,114,114,114,114,113,113,117,121,125,129,134,137,137,137,136,136,136,136,135,137,146,155,160,160,160,159,159,159
71,71,72,72,72,72,72,72,72,73,73,73,73,73,73,74,74,74,74,75,75,75,75,76,76,76,76,77,77,77,77,75,74,73,71,70,69,69,69,69,70,70,70,71,71,72,72,72,73,73,74,74,75,75,76,76,77,77,78,78,79,80,80,81,81,82,83,83,82,82,81,80,79,79,78,78,77,76,77,78,79,80,81,81,82,83,84,85,86,87,89,90,91,92,93,95,96,96,96,95,95,94,94,93,93,93,92,92,94,95,97,99,101,103,105,108,110,113,115,114,114,114,113,113,113,112,112,112,114,118,122,126,131,135,136,135,135,135,135,134,134,134,139,148,158,158,158,158,158,158
71,71,71,71,72,72,72,72,72,72,72,73,73,73,73,73,74,74,74,74,74,75,75,75,75,76,76,76,77,76,75,73,72,71,69,68,68,68,69,69,69,70,70,70,71,71,71,72,72,73,73,74,74,75,75,76,76,77,77,78,78,79,79,80,81,81,82,82,81,80,80,79,78,78,77,76,76,76,76,77,78,79,80,80,81,82,83,84,85,86,87,88,90,91,92,93,95,95,95,94,94,93,93,92,92,91,91,91,92,93,95,97,99,101,103,105,108,110,112,113,113,112,112,112,111,111,111,110,110,114,118,122,126,131,134,134,134,134,133,133,133,133,133,139,148,157,157,157,157,157
71,71,71,71,71,71,72,72,72,72,72,72,72,73,73,73,73,73,74,74,74,74,75,75,75,75,76,76,76,74,73,72,70,69,68,67,67,68,68,68,69,69,69,70,70,71,71,71,72,72,73,73,74,74,74,75,75,76,76,77,78,78,79,79,80,81,81,81,80,79,78,78,77,76,76,75,74,75,75,76,77,78,79,79,80,81,82,83,84,85,86,87,88,89,91,92,93,94,94,93,93,92,92,91,91,90,90,89,90,91,93,95,97,99,101,103,105,107,109,112,112,111,111,111,110,110,110,109,109,110,113,117,121,125,130,133,133,132,132,132,132,132,131,131,138,147,156,156,156,155
71,71,71,71,71,71,71,71,72,72,72,72,72,72,73,73,73,73,73,74,74,74,74,74,75,75,75,75,74,73,71,70,69,67,66,67,67,67,68,68,68,69,69,69,70,70,70,71,71,72,72,72,73,73,74,74,75,75,76,76,77,77,78,79,79,80,80,79,79,78,77,77,76,75,75,74,73,74,74,75,76,77,77,78,79,80,81,82,83,84,85,86,87,88,89,90,91,93,92,92,91,91,91,90,90,89,89,88,88,89,91,93,94,96,98,100,102,104,106,109,111,110,110,110,109,109,109,108,108,108,109,112,116,120,124,129,132,131,131,131,131,130,130,130,130,136,144,154,154,154
71,71,71,71,71,71,71,71,71,72,72,72,72,72,72,72,73,73,73,73,73,74,74,74,74,75,75,74,73,71,69,68,67,66,66,66,67,67,67,68,68,68,68,69,69,70,70,70,71,71,71,72,72,73,73,74,74,75,75,76,76,77,77,78,78,79,79,78,78,77,76,75,75,74,73,73,72,73,73,74,75,76,76,77,78,79,80,81,82,82,83,84,85,87,88,89,90,91,91,91,90,90,89,89,89,88,88,87,87,87,89,91,92,94,96,98,100,102,104,106,108,109,109,109,108,108,107,107,107,107,106,108,111,115,119,123,128,130,130,130,129,129,129,129,129,128,134,143,152,153
70,70,71,71,71,71,71,71,71,71,71,72,72,72,72,72,72,73,73,73,73,73,74,74,74,74,74,72,70,69,67,66,65,65,66,66,66,67,67,67,67,68,68,68,69,69,69,70,70,71,71,71,72,72,73,73,74,74,75,75,76,76,77,77,78,78,78,77,76,75,75,74,73,73,72,71,71,72,73,73,74,75,76,76,77,78,79,80,81,81,82,83,84,85,86,88,89,90,90,90,89,89,88,88,87,87,87,86,86,86,87,89,90,92,94,96,97,99,101,104,106,108,108,107,107,107,106,106,106,105,105,105,108,111,115,119,123,127,129,129,128,128,128,128,127,127,127,134,142,151
70,70,71,71,71,71,71,71,71,71,71,72,72,72,72,72,72,72,73,73,73,73,73,74,74,73,71,70,68,66,65,65,65,65,66,66,66,66,67,67,67,68,68,68,68,69,69,70,70,70,71,71,71,72,72,73,73,74,74,75,75,76,76,77,77,77,76,76,75,74,73,73,72,71,71,70,71,71,72,73,74,74,75,76,76,77,78,79,80,81,82,83,83,84,86,87,88,89,89,89,88,88,87,87,86,86,85,85,84,85,86,88,89,91,92,94,96,98,100,102,104,106,107,106,106,106,105,105,105,104,104,104,105,108,112,115,119,123,128,127,127,127,127,126,126,126,126,128,135,143
70,70,70,71,71,71,71,71,71,71,71,71,72,72,72,72,72,72,73,73,73,73,73,74,72,70,68,66,65,64,64,65,65,65,65,66,66,66,66,67,67,67,68,68,68,69,69,69,70,70,70,71,71,72,72,73,73,73,74,74,75,75,76,76,76,75,75,74,73,72,72,71,70,70,69,70,71,71,72,72,73,74,75,75,76,77,78,78,79,80,81,82,83,84,85,86,87,88,88,87,87,86,86,85,85,84,84,84,83,84,85,87,88,90,92,93,95,97,99,101,103,105,105,105,105,104,104,104,103,103,103,102,104,107,110,113,117,121,126,126,126,126,125,125,125,125,124,124,131,139
70,70,71,71,71,71,71,71,71,71,71,71,72,72,72,72,72,72,73,73,73,73,71,70,68,66,64,64,64,64,64,65,65,65,65,66,66,66,66,67,67,67,68,68,68,69,69,69,70,70,70,71,71,72,72,73,73,73,74,74,75,75,76,75,74,73,73,72,71,70,70,69,68,69,69,70,70,71,72,72,73,74,74,75,76,77,78,78,79,80,81,82,83,84,85,86,87,87,86,86,85,85,84,84,83,83,82,82,82,84,85,87,88,90,91,93,95,97,98,100,102,104,104,104,103,103,102,102,102,102,101,101,103,106,109,113,117,121,125,125,124,124,124,124,124,123,123,123,130,138
70,71,71,71,71,71,71,71,71,71,71,72,72,72,72,72,72,73,73,73,71,69,67,65,63,64,64,64,64,64,65,65,65,65,66,66,66,66,67,67,67,67,68,68,68,69,69,69,70,70,71,71,71,72,72,73,73,74,74,75,75,74,74,73,72,71,70,70,69,68,68,68,68,69,69,70,71,71,72,73,73,74,75,75,76,77,78,79,79,80,81,82,83,84,85,86,85,85,84,84,83,83,83,82,82,81,81,82,83,84,86,87,89,90,92,93,95,97,99,101,103,103,102,102,102,101,101,101,100,100,100,101,104,107,110,114,117,122,124,123,123,123,123,122,122,122,122,124,131,139
71,71,71,71,71,71,71,71,71,71,72,72,72,72,72,72,73,71,69,67,65,63,63,63,64,64,64,64,64,65,65,65,65,66,66,66,66,67,67,67,67,68,68,68,69,69,69,70,70,71,71,71,72,72,73,73,73,74,74,73,73,72,71,70,69,69,68,67,67,67,68,68,69,69,70,70,71,72,72,73,74,74,75,76,77,78,78,79,80,81,82,83,84,85,85,84,84,83,83,82,82,81,81,80,80,80,81,82,84,85,86,88,89,91,93,94,96,98,100,102,101,101,101,100,100,100,99,99,99,98,100,103,106,109,112,116,120,122,122,122,121,121,121,121,121,120,122,128,136,144
71,71,71,71,71,71,71,71,72,72,72,72,72,72,71,68,66,64,63,63,63,63,63,64,64,64,64,64,65,65,65,65,66,66,66,66,67,67,67,68,68,68,68,69,69,70,70,70,71,71,71,72,72,73,73,74,73,72,71,70,70,69,68,67,67,66,66,67,67,68,68,69,69,70,71,71,72,72,73,74,75,75,76,77,78,78,79,80,81,82,83,84,84,83,82,82,81,81,80,80,80,79,79,79,80,81,82,84,85,86,88,89,91,93,94,96,98,100,100,100,100,99,99,99,98,98,98,97,97,100,103,106,109,112,116,120,121,121,120,120,120,120,119,119,119,121,128,135,143,143
71,71,71,71,71,72,72,72,72,72,72,70,68,65,63,63,63,63,63,63,63,64,64,64,64,64,65,65,65,65,66,66,66,66,67,67,67,67,68,68,68,69,69,69,70,70,70,71,71,72,72,72,73,72,71,71,70,69,68,67,67,66,65,65,66,66,67,67,68,68,69,70,70,71,71,72,73,73,74,75,76,76,77,78,79,79,80,81,82,83,82,82,81,81,80,80,79,79,78,78,77,78,79,80,81,83,84,85,87,88,90,91,93,95,97,99,99,99,98,98,98,97,97,97,96,96,96,98,100,103,106,109,113,116,120,119,119,119,119,118,118,118,118,118,122,129,136,142,142,142
71,71,71,72,72,72,72,72,69,66,64,62,63,63,63,63,63,63,63,64,64,64,64,64,65,65,65,65,66,66,66,66,67,67,67,67,68,68,68,69,69,69,70,70,70,71,71,71,72,72,72,71,70,69,68,67,66,66,65,64,65,65,66,66,67,67,68,68,69,69,70,71,71,72,72,73,74,74,75,76,77,77,78,79,80,81,82,82,81,81,80,79,79,78,78,78,77,77,76,77,78,80,81,82,83,85,86,87,89,90,92,94,96,97,98,98,97,97,97,96,96,96,95,95,95,96,99,101,104,107,111,114,118,118,118,118,117,117,117,117,117,116,118,124,131,139,141,141,140,140
72,72,72,72,70,67,64,62,62,62,63,63,63,63,63,63,64,64,64,64,64,64,65,65,65,65,66,66,66,66,67,67,67,67,68,68,68,69,69,69,70,70,70,71,71,71,72,71,70,69,68,67,66,66,65,64,64,64,65,65,66,66,67,67,68,68,69,69,70,70,71,72,72,73,74,74,75,76,76,77,78,79,80,80,81,80,80,79,79,78,78,77,77,76,76,75,76,77,78,79,80,81,83,84,85,87,88,90,91,93,95,96,97,96,96,96,95,95,95,94,94,94,93,95,97,100,103,105,109,112,115,117,117,116,116,116,116,116,115,115,115,121,127,134,140,139,139,139,139,139
72,69,66,63,62,62,62,63,63,63,63,63,63,63,64,64,64,64,64,65,65,65,65,65,66,66,66,66,67,67,67,67,68,68,68,69,69,69,70,70,70,71,71,71,70,69,68,67,66,66,65,64,63,63,64,64,65,65,65,66,66,67,67,68,68,69,70,70,71,71,72,73,73,74,75,75,76,77,78,78,79,80,80,79,79,78,77,77,76,76,75,75,75,74,75,76,77,78,80,81,82,83,85,86,87,89,90,92,94,95,96,95,95,95,94,94,93,93,93,93,92,93,96,98,101,104,107,110,113,116,116,115,115,115,115,114,114,114,114,117,123,129,136,138,138,138,138,137,137,137
62,62,62,63,63,63,63,63,63,63,63,64,64,64,64,64,64,65,65,65,65,65,66,66,66,66,67,67,67,67,68,68,68,69,69,69,70,70,70,71,71,70,69,68,67,66,65,64,63,62,63,63,64,64,64,65,65,66,66,67,67,68,68,69,69,70,70,71,72,72,73,74,74,75,76,76,77,78,79,79,78,78,77,77,76,76,75,75,74,74,73,74,75,76,77,78,79,80,81,82,84,85,86,88,89,91,92,94,95,94,94,93,93,93,92,92,92,91,91,92,94,96,99,102,104,107,111,114,114,114,114,114,113,113,113,113,112,113,118,124,130,137,137,137,136,136,136,136,136,136
63,63,63,63,63,63,63,63,64,64,64,64,64,64,65,65,65,65,65,65,66,66,66,66,67,67,67,67,68,68,68,68,69,69,69,70,70,70,69,68,67,66,65,64,63,63,62,62,63,63,63,64,64,65,65,66,66,66,67,67,68,68,69,70,70,71,71,72,73,73,74,74,75,76,77,77,78,78,77,77,76,76,75,75,74,74,73,73,72,73,74,75,76,77,78,79,80,81,83,84,85,87,88,90,91,93,94,93,93,92,92,92,91,91,91,90,90,90,92,94,97,99,102,104,107,111,113,113,113,113,112,112,112,112,111,111,113,118,124,130,136,135,135,135,135,135,135,134,134,147
63,63,63,63,63,64,64,64,64,64,64,64,65,65,65,65,65,65,66,66,66,66,67,67,67,67,68,68,68,68,69,69,69,70,70,69,68,67,66,65,64,63,62,61,62,62,62,63,63,64,64,64,65,65,66,66,67,67,68,68,69,69,70,70,71,71,72,73,73,74,75,75,76,77,77,77,77,76,75,75,74,74,73,73,72,72,71,72,73,74,75,76,77,78,79,80,81,83,84,85,86,88,89,91,92,92,92,91,91,91,90,90,90,89,89,89,89,91,94,96,98,101,104,107,110,112,112,112,111,111,111,111,110,110,110,111,116,122,128,134,134,134,134,134,133,133,133,133,141,157
63,63,64,64,64,64,64,64,64,64,65,65,65,65,65,65,66,66,66,66,67,67,67,67,67,68,68,68,68,69,69,69,70,69,68,66,65,64,63,62,61,61,61,62,62,62,63,63,64,64,64,65,65,66,66,67,67,68,68,69,69,70,70,71,71,72,72,73,74,74,75,76,76,77,76,75,75,74,74,73,73,72,71,71,71,71,72,73,74,75,75,76,78,79,80,81,82,83,84,86,87,89,90,92,91,91,90,90,90,89,89,89,88,88,88,88,90,92,95,97,99,102,105,108,111,111,110,110,110,110,109,109,109,109,108,113,118,124,130,133,133,133,132,132,132,132,132,132,145,161
64,64,64,64,64,64,64,64,65,65,65,65,65,65,66,66,66,66,66,67,67,67,67,68,68,68,68,69,69,69,69,69,67,66,65,64,63,62,61,61,61,61,62,62,62,63,63,64,64,64,65,65,66,66,66,67,67,68,68,69,69,70,70,71,72,72,73,73,74,75,75,76,75,75,74,74,73,73,72,71,71,70,70,70,70,71,72,73,74,75,76,77,78,79,80,81,82,84,85,86,87,89,90,90,90,89,89,89,88,88,87,87,87,86,87,89,91,93,95,97,100,102,105,108,110,109,109,109,108,108,108,108,108,107,108,113,118,124,130,132,131,131,131,131,131,131,130,131,144,160
64,64,64,64,64,65,65,65,65,65,65,65,66,66,66,66,66,66,67,67,67,67,68,68,68,68,69,69,69,69,67,66,65,64,63,62,61,60,61,61,61,62,62,62,63,63,63,64,64,65,65,65,66,66,67,67,68,68,69,69,70,70,71,71,72,72,73,74,74,75,75,75,74,73,73,72,72,71,70,70,69,69,69,70,71,71,72,73,74,75,76,77,78,79,80,81,82,83,85,86,87,89,89,89,88,88,88,87,87,87,86,86,85,85,87,88,90,92,95,97,99,102,104,107,108,108,108,108,107,107,107,106,106,106,107,112,117,122,128,130,130,130,130,130,129,129,129,129,140,153
64,64,65,65,65,65,65,65,65,65,66,66,66,66,66,66,67,67,67,67,67,68,68,68,68,69,69,69,68,67,65,64,63,62,61,60,60,61,61,61,62,62,62,63,63,63,64,64,64,65,65,65,66,66,67,67,68,68,69,69,70,70,71,71,72,72,73,74,74,75,74,73,73,72,71,71,70,70,69,69,68,68,69,70,71,71,72,73,74,75,76,77,78,79,80,81,82,83,84,86,87,88,88,88,87,87,86,86,86,85,85,85,84,84,86,88,90,92,94,96,98,101,103,106,107,107,107,106,106,106,106,105,105,105,105,110,114,119,124,129,129,129,128,128,128,128,128,128,133,145
65,65,65,65,65,65,65,65,66,66,66,66,66,66,66,67,67,67,67,67,68,68,68,68,68,69,69,67,66,65,63,62,61,60,60,60,61,61,61,61,62,62,62,63,63,63,64,64,64,65,65,66,66,66,67,67,68,68,69,69,70,70,71,71,72,72,73,73,74,73,73,72,71,71,70,70,69,68,68,67,67,68,69,70,70,71,72,73,74,75,75,76,77,78,79,80,82,83,84,85,86,87,87,87,86,86,85,85,85,84,84,83,83,83,85,87,89,91,93,95,97,99,102,104,106,106,105,105,105,105,104,104,104,104,103,107,111,116,121,126,128,127,127,127,127,127,127,126,126,136
65,65,65,65,65,66,66,66,66,66,66,66,66,67,67,67,67,67,67,68,68,68,68,68,69,68,67,65,64,63,61,60,60,60,60,61,61,61,61,62,62,62,63,63,63,63,64,64,65,65,65,66,66,66,67,67,68,68,69,69,70,70,71,71,72,72,73,73,73,72,71,71,70,70,69,68,68,67,67,67,67,68,69,69,70,71,72,73,73,74,75,76,77,78,79,80,81,82,83,85,86,86,86,86,85,85,84,84,83,83,83,82,82,83,84,86,88,90,91,94,96,98,100,103,105,105,104,104,104,104,103,103,103,103,102,104,108,113,117,122,127,126,126,126,126,126,125,125,125,128
65,66,66,66,66,66,66,66,66,66,67,67,67,67,67,67,67,68,68,68,68,68,69,69,68,66,65,63,62,61,60,60,60,60,61,61,61,61,62,62,62,62,63,63,63,64,64,64,65,65,65,66,66,67,67,67,68,68,69,69,70,70,71,71,72,72,73,72,72,71,70,70,69,68,68,67,67,66,66,67,67,68,69,69,70,71,72,72,73,74,75,76,77,78,79,80,81,82,83,84,85,85,85,84,84,84,83,83,82,82,82,81,81,82,84,85,87,89,91,92,95,97,99,101,104,104,103,103,103,102,102,102,102,101,101,102,106,110,114,119,124,125,125,125,125,124,124,124,124,124
66,66,66,66,66,66,66,67,67,67,67,67,67,67,67,68,68,68,68,68,68,69,69,67,66,64,62,61,60,60,60,60,60,61,61,61,61,62,62,62,62,63,63,63,64,64,64,65,65,65,66,66,66,67,67,68,68,68,69,69,70,70,71,71,72,72,72,71,70,70,69,68,68,67,66,66,65,66,66,67,67,68,69,69,70,71,72,72,73,74,75,76,77,78,79,80,81,82,83,84,85,84,84,83,83,82,82,82,81,81,80,80,80,82,83,85,86,88,90,92,94,96,98,100,103,102,102,102,102,101,101,101,100,100,100,101,104,108,112,116,121,124,124,124,123,123,123,123,123,122
66,66,67,67,67,67,67,67,67,67,67,67,68,68,68,68,68,68,69,69,69,68,66,64,63,61,60,60,60,60,60,60,61,61,61,61,62,62,62,62,63,63,63,64,64,64,65,65,65,66,66,66,67,67,68,68,68,69,69,70,70,71,71,72,72,71,70,69,69,68,67,67,66,65,65,65,65,66,66,67,68,68,69,70,70,71,72,73,73,74,75,76,77,78,79,80,81,82,83,84,83,83,82,82,82,81,81,80,80,80,79,79,80,82,83,85,86,88,90,92,94,96,98,100,102,101,101,101,100,100,100,99,99,99,99,100,103,107,111,115,120,123,123,122,122,122,122,122,121,121
67,67,67,67,67,67,67,67,68,68,68,68,68,68,68,69,69,69,69,68,66,64,62,61,60,60,60,60,60,61,61,61,61,61,62,62,62,62,63,63,63,64,64,64,64,65,65,65,66,66,66,67,67,68,68,68,69,69,70,70,71,71,71,71,70,69,68,68,67,66,66,65,64,64,65,65,66,66,67,67,68,69,69,70,71,72,72,73,74,75,76,76,77,78,79,80,81,82,83,82,82,81,81,81,80,80,79,79,79,78,78,79,81,82,84,85,87,88,90,92,94,96,98,100,100,100,100,99,99,99,98,98,98,98,97,100,104,107,111,115,120,121,121,121,121,121,120,120,120,120
67,67,68,68,68,68,68,68,68,68,68,68,69,69,69,69,69,68,66,64,62,60,60,60,60,60,60,61,61,61,61,62,62,62,62,62,63,63,63,64,64,64,64,65,65,65,66,66,66,67,67,67,68,68,69,69,69,70,70,71,71,70,69,69,68,67,66,66,65,64,64,64,64,65,65,66,66,67,68,68,69,69,70,71,72,72,73,74,75,75,76,77,78,79,80,81,82,82,81,81,80,80,79,79,79,78,78,77,77,78,79,80,82,83,85,86,88,89,91,93,95,97,99,99,99,99,98,98,98,97,97,97,96,96,99,102,105,109,113,117,120,120,120,120,119,119,119,119,119,119
68,68,68,68,68,68,68,69,69,69,69,69,69,69,69,66,64,62,60,60,60,60,60,61,61,61,61,61,62,62,62,62,62,63,63,63,63,64,64,64,64,65,65,65,66,66,66,67,67,67,68,68,69,69,69,70,70,71,70,69,68,68,67,66,65,65,64,63,63,63,64,64,65,66,66,67,67,68,68,69,70,70,71,72,73,73,74,75,76,76,77,78,79,80,81,81,81,80,80,79,79,78,78,77,77,77,76,77,78,79,80,82,83,85,86,88,89,91,93,95,97,98,98,98,97,97,97,96,96,96,96,95,96,98,101,105,108,112,116,119,119,119,118,118,118,118,118,117,117,123
69,69,69,69,69,69,69,69,69,69,70,69,66,64,62,60,60,60,60,61,61,61,61,61,61,62,62,62,62,62,63,63,63,63,64,64,64,64,65,65,65,66,66,66,67,67,67,68,68,68,69,69,69,70,70,70,69,68,67,67,66,65,64,64,63,63,63,63,64,64,65,66,66,67,67,68,68,69,70,70,71,72,72,73,74,75,75,76,77,78,79,80,81,80,80,79,79,78,78,77,77,76,76,75,75,76,77,78,80,81,82,84,85,87,88,90,92,94,95,97,97,97,96,96,96,95,95,95,94,94,94,96,99,102,105,109,112,116,118,118,117,117,117,117,116,116,116,117,123,131
69,69,69,69,70,70,70,70,69,66,63,61,60,60,61,61,61,61,61,61,61,62,62,62,62,62,63,63,63,63,63,64,64,64,64,65,65,65,66,66,66,66,67,67,67,68,68,68,69,69,70,70,69,69,68,67,66,65,64,64,63,62,62,63,63,64,64,65,65,66,66,67,67,68,68,69,70,70,71,72,72,73,74,75,75,76,77,78,79,80,80,79,78,78,77,77,77,76,76,75,75,74,75,76,77,78,79,81,82,83,85,86,88,89,91,93,95,96,96,96,95,95,95,94,94,94,93,93,93,95,98,101,104,107,110,114,117,116,116,116,116,115,115,115,115,115,119,126,134,142
70,70,70,70,70,67,64,61,61,61,61,61,61,61,61,61,62,62,62,62,62,62,63,63,63,63,63,64,64,64,64,65,65,65,65,66,66,66,67,67,67,67,68,68,68,69,69,70,70,69,68,67,66,65,64,64,63,62,62,62,63,63,64,64,64,65,65,66,66,67,68,68,69,69,70,71,71,72,73,73,74,75,75,76,77,78,79,79,78,78,77,77,76,76,75,75,74,74,74,74,75,76,77,78,79,81,82,83,85,86,88,89,91,92,94,95,95,94,94,94,93,93,93,92,92,92,92,94,97,100,103,106,109,113,115,115,115,115,115,114,114,114,114,113,117,123,130,138,147,157
71,69,66,62,61,61,61,61,61,61,62,62,62,62,62,62,62,63,63,63,63,63,63,64,64,64,64,65,65,65,65,66,66,66,66,67,67,67,68,68,68,69,69,69,70,69,68,67,66,65,64,63,63,62,61,62,62,63,63,63,64,64,65,65,66,66,67,67,68,68,69,70,70,71,72,72,73,74,74,75,76,76,77,78,78,78,77,76,76,75,75,74,74,74,73,73,73,74,75,76,77,78,80,81,82,83,85,86,88,89,91,92,94,94,94,93,93,93,92,92,92,91,91,91,92,94,97,99,102,105,108,112,114,114,114,114,113,113,113,113,112,112,115,121,128,135,144,153,164,176
61,61,61,61,62,62,62,62,62,62,62,62,63,63,63,63,63,63,64,64,64,64,64,65,65,65,65,65,66,66,66,66,67,67,67,68,68,68,69,69,69,69,68,67,66,65,64,63,62,62,61,61,62,62,63,63,63,64,64,65,65,66,66,67,67,68,68,69,69,70,71,71,72,72,73,74,75,75,76,77,78,77,77,76,76,75,75,74,74,73,73,72,72,72,73,74,75,76,77,79,80,81,82,83,85,86,88,89,91,92,93,93,92,92,92,91,91,91,90,90,90,89,92,94,96,99,102,105,108,111,113,113,113,112,112,112,112,111,111,111,114,120,126,133,141,149,159,171,184,200
62,62,62,62,62,62,63,63,63,63,63,63,63,64,64,64,64,64,64,65,65,65,65,65,66,66,66,66,67,67,67,67,68,68,68,69,69,69,68,67,66,65,64,63,62,61,61,61,61,62,62,63,63,63,64,64,65,65,66,66,66,67,67,68,69,69,70,70,71,71,72,73,73,74,75,75,76,77,77,76,75,75,74,74,73,73,72,72,71,71,72,72,73,74,75,76,78,79,80,81,82,83,85,86,88,89,91,92,92,92,91,91,90,90,90,89,89,89,88,89,91,94,96,99,101,104,107,110,112,112,111,111,111,111,110,110,110,110,112,118,124,130,137,145,155,165,177,191,207,513
63,63,63,63,63,63,63,63,63,64,64,64,64,64,64,65,65,65,65,65,66,66,66,66,66,67,67,67,67,68,68,68,69,69,69,68,67,66,65,64,63,62,61,61,61,61,62,62,62,63,63,64,64,64,65,65,66,66,67,67,68,68,69,69,70,70,71,72,72,73,73,74,75,76,76,76,75,75,74,74,73,73,72,72,71,71,70,71,72,72,73,74,75,76,77,79,80,81,82,83,85,86,87,89,90,91,91,90,90,90,89,89,89,88,88,88,87,89,91,93,95,98,100,103,106,109,111,110,110,110,110,109,109,109,109,109,110,115,120,126,133,140,149,158,168,180,194,450,512,516
63,63,63,64,64,64,64,64,64,64,64,65,65,65,65,65,66,66,66,66,66,67,67,67,67,68,68,68,68,69,69,69,67,66,65,64,63,62,61,60,61,61,61,62,62,62,63,63,63,64,64,65,65,65,66,66,67,67,68,68,69,69,70,70,71,72,72,73,73,74,75,75,76,75,74,74,73,73,72,72,71,71,70,70,70,71,71,72,73,74,75,76,77,78,79,80,81,83,84,85,87,88,89,90,90,89,89,89,88,88,88,87,87,87,86,87,89,92,94,96,98,101,104,107,110,109,109,109,109,108,108,108,108,107,107,111,116,121,127,134,141,149,158,169,180,194,442,510,514,517
64,64,64,64,64,64,65,65,65,65,65,65,65,66,66,66,66,66,67,67,67,67,67,68,68,68,68,69,69,68,66,65,64,63,62,61,60,60,61,61,61,62,62,62,63,63,63,64,64,65,65,65,66,66,67,67,68,68,69,69,70,70,71,71,72,72,73,74,74,75,75,74,74,73,72,72,71,71,70,70,69,69,69,70,71,72,73,73,74,75,76,77,78,79,81,82,83,84,85,87,88,89,89,89,88,88,87,87,87,86,86,86,85,86,88,90,92,94,96,98,101,104,106,108,108,108,108,107,107,107,107,106,106,106,111,115,120,126,132,139,147,156,165,176,189,204,507,511,514,518
64,64,65,65,65,65,65,65,65,66,66,66,66,66,66,67,67,67,67,67,68,68,68,68,69,69,68,67,66,64,63,62,61,60,60,60,61,61,61,62,62,62,63,63,63,64,64,64,65,65,66,66,66,67,67,68,68,69,69,70,70,71,71,72,73,73,74,74,74,74,73,72,72,71,70,70,69,69,68,68,69,69,70,71,72,73,74,74,75,76,77,78,79,80,82,83,84,85,86,88,88,88,87,87,87,86,86,86,85,85,84,84,85,87,89,91,93,95,98,100,102,105,107,107,107,106,106,106,106,105,105,105,105,108,113,118,123,129,135,142,150,159,169,180,193,339,506,509,513,517
65,65,65,65,65,65,66,66,66,66,66,66,66,67,67,67,67,67,68,68,68,68,69,69,68,67,65,64,63,62,60,60,60,60,61,61,61,62,62,62,62,63,63,63,64,64,65,65,65,66,66,67,67,67,68,68,69,69,70,70,71,71,72,73,73,74,74,73,72,72,71,71,70,69,69,68,68,67,68,68,69,70,71,72,72,73,74,75,76,77,78,79,80,81,82,83,84,86,87,87,87,86,86,86,85,85,84,84,84,83,83,84,86,88,90,92,94,96,98,101,103,106,106,106,105,105,105,105,104,104,104,104,105,109,114,119,124,129,136,143,150,159,169,180,192,334,453,507,511,514
65,65,66,66,66,66,66,66,66,66,67,67,67,67,67,67,68,68,68,68,68,69,69,67,66,64,63,62,60,60,60,60,61,61,61,61,62,62,62,63,63,63,63,64,64,65,65,65,66,66,66,67,67,68,68,69,69,70,70,71,71,72,72,73,73,73,72,72,71,70,70,69,68,68,67,67,67,67,68,69,69,70,71,72,73,73,74,75,76,77,78,79,80,81,82,83,85,86,86,86,86,85,85,84,84,84,83,83,82,82,83,84,86,88,90,92,94,96,98,100,103,105,105,104,104,104,104,103,103,103,103,102,105,109,113,118,123,128,134,141,148,156,165,175,187,200,433,504,508,511
66,66,66,66,66,66,66,67,67,67,67,67,67,67,68,68,68,68,68,69,69,68,66,65,63,62,61,60,60,60,60,61,61,61,61,62,62,62,62,63,63,63,64,64,64,65,65,66,66,66,67,67,68,68,68,69,69,70,70,71,71,72,72,73,72,72,71,70,70,69,68,68,67,67,66,66,67,67,68,69,70,70,71,72,73,73,74,75,76,77,78,79,80,81,82,83,84,86,85,85,84,84,84,83,83,82,82,82,81,81,82,84,86,87,89,91,93,95,97,100,102,104,104,103,103,103,102,102,102,102,101,101,103,107,111,115,120,125,131,137,144,151,160,169,179,191,327,439,503,507
66,66,66,66,67,67,67,67,67,67,67,67,68,68,68,68,68,68,69,69,67,66,64,62,61,60,60,60,60,60,61,61,61,61,62,62,62,62,63,63,63,64,64,64,65,65,65,66,66,66,67,67,68,68,69,69,69,70,70,71,71,72,72,72,71,70,70,69,68,68,67,66,66,65,66,66,67,67,68,69,70,70,71,72,73,73,74,75,76,77,78,79,80,81,82,83,84,85,84,84,83,83,82,82,82,81,81,80,80,80,82,83,85,87,88,90,92,94,96,98,101,103,103,102,102,102,101,101,101,100,100,100,101,105,109,113,117,122,127,133,139,146,153,162,171,182,193,328,439,502
66,67,67,67,67,67,67,67,67,67,68,68,68,68,68,68,69,69,69,67,65,63,62,60,60,60,60,60,60,61,61,61,61,62,62,62,62,63,63,63,63,64,64,64,65,65,65,66,66,67,67,67,68,68,69,69,69,70,70,71,71,72,71,70,70,69,68,68,67,66,66,65,65,65,66,66,67,67,68,69,69,70,71,72,72,73,74,75,76,77,77,78,79,80,81,82,84,84,83,83,82,82,81,81,81,80,80,79,79,80,81,83,84,86,88,89,91,93,95,97,99,102,101,101,101,101,100,100,100,99,99,99,99,102,106,110,114,118,123,128,134,140,147,155,163,172,183,195,327,437
67,67,67,67,67,67,67,68,68,68,68,68,68,68,69,69,69,68,66,64,63,61,59,60,60,60,60,60,61,61,61,61,62,62,62,62,63,63,63,63,64,64,64,65,65,65,66,66,66,67,67,67,68,68,69,69,70,70,70,71,71,71,70,69,68,68,67,66,66,65,64,64,64,65,66,66,67,67,68,69,69,70,71,71,72,73,74,75,75,76,77,78,79,80,81,82,83,82,82,82,81,81,80,80,79,79,79,78,78,79,81,82,84,85,87,88,90,92,94,96,98,100,100,100,100,99,99,99,99,98,98,98,97,100,104,107,111,115,120,125,130,135,142,149,156,164,174,184,322,327
67,67,67,67,68,68,68,68,68,68,68,68,69,69,69,69,67,65,63,61,60,60,60,60,60,60,60,61,61,61,61,62,62,62,62,62,63,63,63,64,64,64,64,65,65,65,66,66,66,67,67,68,68,68,69,69,70,70,71,71,70,69,68,68,67,66,66,65,64,64,63,64,64,65,66,66,67,67,68,69,69,70,71,71,72,73,74,74,75,76,77,78,79,80,81,82,82,81,81,80,80,79,79,79,78,78,77,77,78,79,80,82,83,84,86,88,89,91,93,95,97,99,99,99,99,98,98,98,97,97,97,97,96,99,102,105,109,113,117,122,127,132,138,144,151,159,167,177,187,320
68,68,68,68,68,68,68,68,68,68,69,69,69,69,68,66,64,62,60,60,60,60,60,60,60,61,61,61,61,61,62,62,62,62,62,63,63,63,64,64,64,64,65,65,65,66,66,66,67,67,67,68,68,69,69,69,70,70,70,69,68,68,67,66,65,65,64,63,63,63,64,64,65,65,66,66,67,67,68,69,69,70,71,71,72,73,74,74,75,76,77,78,79,80,81,81,81,80,80,79,79,78,78,77,77,77,76,76,77,79,80,81,83,84,86,87,89,91,93,94,96,98,98,98,97,97,97,96,96,96,96,95,95,98,101,104,108,112,116,120,125,130,135,141,148,155,163,172,182,319
68,68,68,68,68,68,68,69,69,69,69,69,69,66,64,61,59,60,60,60,60,60,60,60,61,61,61,61,61,62,62,62,62,63,63,63,63,64,64,64,64,65,65,65,66,66,66,67,67,67,68,68,68,69,69,70,70,69,68,67,66,66,65,64,63,63,62,62,63,63,64,64,65,65,66,67,67,68,68,69,70,70,71,72,72,73,74,75,75,76,77,78,79,80,80,80,79,79,78,78,77,77,76,76,75,75,75,76,78,79,80,82,83,84,86,88,89,91,93,95,97,97,97,96,96,96,95,95,95,94,94,94,95,98,101,104,108,111,115,120,124,129,134,140,147,154,161,170,179,190
68,68,68,68,69,69,69,69,69,69,68,65,63,60,59,60,60,60,60,60,60,61,61,61,61,61,61,62,62,62,62,62,63,63,63,63,64,64,64,64,65,65,65,66,66,66,67,67,67,68,68,68,69,69,69,68,67,67,66,65,64,63,63,62,61,62,62,63,63,64,64,65,65,66,66,67,68,68,69,69,70,71,71,72,73,74,74,75,76,77,78,79,79,79,78,78,77,77,76,76,76,75,75,74,74,75,76,77,78,79,81,82,84,85,87,88,90,92,93,95,96,96,95,95,95,94,94,94,93,93,93,93,96,99,102,105,109,112,116,121,125,130,136,141,148,155,163,171,181,317
69,69,69,69,69,69,69,69,66,63,60,60,60,60,60,60,60,60,60,61,61,61,61,61,61,62,62,62,62,62,63,63,63,63,64,64,64,64,65,65,65,65,66,66,66,67,67,67,68,68,69,69,68,67,67,66,65,64,63,62,62,61,61,62,62,62,63,63,64,64,65,65,66,66,67,68,68,69,69,70,71,71,72,73,74,74,75,76,77,78,78,78,78,77,77,76,76,75,75,74,74,73,73,73,75,76,77,78,79,80,82,83,85,86,88,89,91,93,95,95,94,94,94,93,93,93,92,92,92,92,93,95,98,101,104,107,111,115,119,123,128,133,138,145,151,158,166,175,185,315
69,69,69,69,69,66,63,60,60,60,60,60,60,60,60,60,61,61,61,61,61,61,61,62,62,62,62,62,63,63,63,63,64,64,64,64,65,65,65,65,66,66,66,67,67,67,68,68,68,68,67,66,65,64,64,63,62,61,60,60,61,61,62,62,63,63,64,64,65,65,66,66,67,67,68,68,69,70,70,71,72,72,73,74,74,75,76,77,78,77,77,76,76,75,75,74,74,73,73,72,72,73,74,75,76,77,78,79,81,82,83,85,86,88,89,91,93,94,93,93,93,92,92,92,91,91,91,90,90,92,95,98,101,104,107,110,114,118,122,127,132,138,143,150,157,165,173,183,314,314
69,69,65,61,60,60,60,60,60,60,60,60,60,61,61,61,61,61,61,61,62,62,62,62,62,63,63,63,63,63,64,64,64,64,65,65,65,65,66,66,66,67,67,67,68,68,68,67,66,65,64,63,62,61,60,60,60,60,61,61,62,62,62,63,63,64,64,65,65,66,66,67,67,68,69,69,70,71,71,72,73,73,74,75,76,76,77,76,75,75,74,74,73,73,72,72,72,71,71,72,73,74,75,76,77,78,80,81,82,84,85,87,88,90,91,93,92,92,92,91,91,91,90,90,90,89,89,91,93,96,98,101,104,108,111,115,119,123,128,133,138,144,150,157,165,174,183,313,312,407
60,60,60,60,60,60,60,60,60,60,61,61,61,61,61,61,61,62,62,62,62,62,62,63,63,63,63,63,64,64,64,64,65,65,65,65,66,66,66,67,67,67,68,67,66,65,64,63,62,61,60,59,59,60,60,60,61,61,62,62,62,63,63,64,64,65,65,66,66,67,67,68,68,69,70,70,71,72,72,73,74,74,75,76,75,75,74,74,73,73,72,72,71,71,70,70,70,71,72,73,74,76,77,78,79,80,82,83,84,86,87,89,90,91,91,91,90,90,90,89,89,89,88,88,88,89,92,94,97,99,102,105,109,112,116,120,124,129,134,140,146,152,159,167,176,312,311,314,411,480
60,60,60,60,60,60,60,61,61,61,61,61,61,61,61,62,62,62,62,62,62,63,63,63,63,63,64,64,64,64,65,65,65,65,66,66,66,67,67,67,66,65,64,63,62,61,60,59,59,59,59,60,60,60,61,61,61,62,62,63,63,64,64,65,65,66,66,67,67,68,68,69,69,70,71,71,72,73,73,74,75,74,74,73,73,72,72,71,71,70,70,69,69,69,70,71,72,73,74,75,76,77,78,80,81,82,84,85,86,88,90,90,90,89,89,89,88,88,88,87,87,87,87,88,90,93,95,98,101,104,107,110,114,118,122,126,131,136,142,148,154,162,170,179,310,310,319,417,486,489
60,60,60,60,61,61,61,61,61,61,61,61,62,62,62,62,62,62,63,63,63,63,63,64,64,64,64,64,65,65,65,65,66,66,66,67,66,65,64,63,62,61,60,59,58,58,58,59,59,60,60,60,61,61,61,62,62,63,63,64,64,64,65,65,66,66,67,68,68,69,69,70,70,71,72,72,73,74,74,73,73,72,71,71,70,70,69,69,69,68,68,69,70,71,72,73,74,75,76,77,78,79,80,82,83,84,86,87,89,89,89,88,88,88,87,87,87,86,86,86,85,87,89,91,94,96,99,102,105,108,111,115,119,123,128,133,138,144,150,157,164,172,309,309,308,397,424,485,489,492
60,61,61,61,61,61,61,61,61,61,62,62,62,62,62,62,63,63,63,63,63,63,64,64,64,64,65,65,65,65,66,66,66,65,64,63,62,61,60,59,58,57,58,58,58,59,59,59,60,60,60,61,61,62,62,62,63,63,64,64,65,65,66,66,67,67,68,68,69,70,70,71,71,72,73,73,72,72,71,71,70,70,69,69,68,68,67,67,68,68,69,70,71,72,73,74,75,76,77,78,80,81,82,83,85,86,88,88,87,87,87,86,86,86,85,85,85,84,84,85,87,90,92,94,97,100,103,106,109,112,116,120,124,129,134,139,145,151,158,166,174,308,307,308,400,427,484,488,491,495
61,61,61,61,61,61,61,61,62,62,62,62,62,62,62,63,63,63,63,63,64,64,64,64,64,65,65,65,65,66,65,63,62,61,60,59,58,57,57,57,58,58,58,59,59,59,60,60,60,61,61,61,62,62,63,63,63,64,64,65,65,66,66,67,67,68,68,69,70,70,71,72,72,72,71,71,70,69,69,68,68,67,67,66,66,66,67,68,68,69,70,71,72,73,74,75,76,77,78,80,81,82,83,85,86,87,86,86,86,85,85,85,84,84,84,83,83,84,86,88,90,92,95,97,100,103,106,109,112,116,120,124,129,134,139,145,151,158,166,174,306,306,307,398,425,483,486,490,493,497
61,61,61,61,61,61,61,62,62,62,62,62,62,63,63,63,63,63,63,64,64,64,64,65,65,65,65,64,63,62,61,59,58,57,56,56,57,57,57,58,58,58,59,59,59,60,60,60,61,61,61,62,62,63,63,63,64,64,65,65,66,66,67,67,68,68,69,70,70,71,71,71,70,69,69,68,68,67,67,66,66,65,65,65,66,67,68,68,69,70,71,72,73,74,75,76,77,78,79,81,82,83,85,86,85,85,85,84,84,83,83,83,83,82,82,82,83,85,87,89,92,94,96,99,102,105,108,111,115,119,123,127,132,137,143,149,156,163,171,305,305,304,393,414,481,484,488,490,494,498
61,61,61,61,61,61,62,62,62,62,62,62,63,63,63,63,63,63,64,64,64,64,64,65,64,63,62,60,59,58,57,56,56,56,56,57,57,57,57,58,58,58,59,59,59,60,60,60,61,61,62,62,62,63,63,64,64,65,65,65,66,66,67,68,68,69,69,70,70,70,69,69,68,67,67,66,66,65,65,64,64,64,65,66,66,67,68,69,70,70,71,72,73,74,75,76,78,79,80,81,82,84,84,84,84,83,83,83,82,82,82,81,81,81,80,82,84,86,88,90,92,95,97,100,103,106,109,113,116,120,125,129,134,139,145,151,158,166,174,304,303,305,396,422,480,484,487,491,494,498
61,61,61,61,61,62,62,62,62,62,62,62,63,63,63,63,63,63,64,64,64,64,64,62,61,60,58,57,56,55,55,56,56,56,56,57,57,57,58,58,58,58,59,59,59,60,60,60,61,61,62,62,62,63,63,64,64,65,65,66,66,67,67,68,68,69,69,69,68,68,67,67,66,66,65,65,64,64,63,63,63,64,65,66,66,67,68,69,70,70,71,72,73,74,75,76,78,79,80,81,82,83,83,83,82,82,81,81,81,80,80,80,79,79,80,82,84,86,88,90,92,95,97,100,103,106,109,113,116,120,124,129,134,139,145,151,158,165,173,302,302,304,394,420,479,482,486,489,493,497
61,61,61,61,61,62,62,62,62,62,62,62,63,63,63,63,63,63,64,64,63,62,60,59,58,57,55,55,55,55,55,56,56,56,56,57,57,57,57,58,58,58,59,59,59,60,60,60,61,61,61,62,62,63,63,63,64,64,65,65,66,66,67,67,68,68,68,67,67,66,66,65,64,64,63,63,62,62,62,62,63,64,65,65,66,67,68,68,69,70,71,72,73,74,75,76,77,78,79,81,82,82,81,81,81,80,80,80,79,79,79,78,78,78,80,81,83,85,87,89,91,94,96,99,102,105,108,111,115,119,123,127,132,137,142,148,155,162,170,301,301,300,389,409,476,479,483,486,490,493
61,61,61,61,61,61,62,62,62,62,62,62,62,63,63,63,63,63,63,62,60,59,58,56,55,54,54,55,55,55,55,55,56,56,56,56,57,57,57,58,58,58,58,59,59,59,60,60,60,61,61,62,62,62,63,63,64,64,65,65,65,66,66,67,68,67,66,66,65,65,64,64,63,62,62,61,61,61,61,62,63,63,64,65,65,66,67,68,69,70,70,71,72,73,74,75,76,77,79,80,81,81,80,80,79,79,79,78,78,78,77,77,77,77,78,80,82,84,86,88,90,92,94,97,100,102,105,109,112,116,120,124,128,133,138,144,150,157,164,172,299,299,301,390,416,476,478,482,486,489
61,61,61,61,61,61,61,62,62,62,62,62,62,62,63,63,63,62,61,59,58,56,55,54,54,54,54,54,55,55,55,55,55,56,56,56,56,57,57,57,57,58,58,58,59,59,59,60,60,60,61,61,62,62,62,63,63,64,64,65,65,65,66,66,66,66,65,64,64,63,63,62,62,61,61,60,60,60,61,61,62,63,63,64,65,65,66,67,68,69,69,70,71,72,73,74,75,76,77,79,80,79,79,79,78,78,78,77,77,77,76,76,76,75,77,78,80,82,84,86,88,90,92,94,97,100,102,105,109,112,116,120,124,128,133,138,144,150,157,164,299,298,298,302,390,416,475,478,481,484
61,61,61,61,61,61,61,61,61,62,62,62,62,62,62,62,62,60,58,57,55,54,53,53,53,54,54,54,54,54,55,55,55,55,56,56,56,56,57,57,57,57,58,58,58,59,59,59,60,60,60,61,61,61,62,62,63,63,63,64,64,65,65,66,65,64,64,63,62,62,61,61,60,60,59,59,59,59,60,61,61,62,63,63,64,65,65,66,67,68,68,69,70,71,72,73,74,75,76,77,78,78,78,77,77,77,76,76,76,75,75,75,74,74,75,76,78,80,81,83,85,87,89,92,94,96,99,102,105,108,111,115,119,123,127,132,137,143,149,156,163,297,297,296,299,387,412,472,476,479
61,61,61,61,61,61,61,61,61,61,62,62,62,62,62,61,59,57,55,54,53,53,53,53,53,53,54,54,54,54,54,55,55,55,55,55,56,56,56,56,57,57,57,58,58,58,58,59,59,59,60,60,61,61,61,62,62,62,63,63,64,64,65,64,64,63,62,62,61,61,60,59,59,58,58,58,58,59,59,60,60,61,62,62,63,64,64,65,66,67,67,68,69,70,71,72,73,74,75,76,77,77,77,76,76,76,75,75,75,74,74,74,73,73,73,74,76,78,79,81,83,85,87,89,91,93,96,98,101,104,107,111,114,118,122,126,131,136,142,148,154,161,296,295,295,295,383,407,471,474
60,60,61,61,61,61,61,61,61,61,61,61,62,62,60,58,56,54,52,52,52,52,53,53,53,53,53,53,54,54,54,54,54,55,55,55,55,56,56,56,56,57,57,57,57,58,58,58,59,59,59,60,60,60,61,61,62,62,62,63,63,64,64,63,62,62,61,60,60,59,59,58,58,57,56,57,57,58,58,59,60,60,61,61,62,63,63,64,65,66,66,67,68,69,70,71,71,72,73,74,75,76,76,75,75,74,74,74,73,73,73,72,72,72,71,73,74,76,77,79,80,82,84,86,88,90,93,95,98,101,103,107,110,113,117,121,125,130,135,140,146,153,160,295,294,294,293,382,402,469
60,60,60,60,60,61,61,61,61,61,61,61,60,58,56,54,52,52,52,52,52,52,52,53,53,53,53,53,53,54,54,54,54,54,55,55,55,55,55,56,56,56,57,57,57,57,58,58,58,59,59,59,60,60,60,61,61,61,62,62,63,63,62,61,61,60,59,59,58,58,57,57,56,56,56,56,57,57,58,58,59,59,60,61,61,62,63,63,64,65,65,66,67,68,69,70,70,71,72,73,74,75,74,74,74,73,73,72,72,72,71,71,71,71,70,71,72,74,75,77,79,80,82,84,86,88,90,93,95,98,100,103,106,110,113,117,121,125,130,135,140,146,152,159,293,293,292,292,380,402
60,60,60,60,60,60,60,61,61,61,60,58,56,54,52,51,51,51,52,52,52,52,52,52,52,53,53,53,53,53,53,54,54,54,54,55,55,55,55,55,56,56,56,56,57,57,57,58,58,58,59,59,59,60,60,60,61,61,61,62,62,61,60,60,59,58,58,57,57,56,55,55,54,55,55,56,56,57,57,58,58,59,59,60,61,61,62,63,63,64,65,65,66,67,68,69,70,70,71,72,73,73,73,73,72,72,72,71,71,70,70,70,69,69,69,70,71,73,74,75,77,79,80,82,84,86,88,91,93,95,98,101,104,107,110,114,117,122,126,131,136,141,147,154,161,292,291,291,296,384
60,60,60,60,60,60,60,60,60,57,55,52,51,51,51,51,51,51,51,52,52,52,52,52,52,52,53,53,53,53,53,53,54,54,54,54,55,55,55,55,55,56,56,56,56,57,57,57,58,58,58,59,59,59,60,60,60,61,61,60,60,59,58,58,57,56,56,55,55,54,54,54,54,54,55,55,56,56,57,57,58,58,59,60,60,61,61,62,63,64,64,65,66,66,67,68,69,70,71,72,72,72,72,71,71,70,70,70,69,69,69,68,68,68,68,69,70,72,73,75,76,78,79,81,83,85,87,89,91,94,96,99,102,105,108,112,115,119,124,128,133,138,144,150,157,290,290,289,289,378
60,60,60,60,60,60,58,55,52,50,50,50,51,51,51,51,51,51,51,51,52,52,52,52,52,52,52,53,53,53,53,53,54,54,54,54,54,55,55,55,55,56,56,56,56,57,57,57,57,58,58,58,59,59,59,60,60,60,59,58,58,57,56,56,55,54,54,53,53,52,53,53,54,54,55,55,56,56,57,57,58,58,59,59,60,61,61,62,63,63,64,65,65,66,67,68,69,70,70,71,71,70,70,70,69,69,68,68,68,67,67,67,67,66,67,69,70,71,73,74,76,77,79,81,83,84,86,89,91,93,96,98,101,104,108,111,115,118,123,127,132,137,143,149,156,289,289,288,288,376
60,60,60,58,55,52,50,50,50,50,50,50,50,51,51,51,51,51,51,51,51,52,52,52,52,52,52,52,53,53,53,53,53,54,54,54,54,54,55,55,55,55,56,56,56,57,57,57,57,58,58,58,59,59,59,59,58,57,56,56,55,54,54,53,53,52,51,52,52,52,53,53,54,54,55,55,56,56,57,57,58,58,59,59,60,61,61,62,63,63,64,65,65,66,67,68,69,70,70,69,69,69,68,68,68,67,67,66,66,66,66,65,65,66,67,69,70,71,73,74,76,77,79,81,83,85,87,89,91,94,96,99,102,105,108,111,115,119,123,128,133,138,144,150,157,287,287,287,290,376
56,53,50,50,50,50,50,50,50,50,50,50,50,50,51,51,51,51,51,51,51,51,52,52,52,52,52,52,53,53,53,53,53,54,54,54,54,54,55,55,55,55,56,56,56,57,57,57,57,58,58,58,58,57,56,56,55,54,54,53,52,52,51,51,51,51,51,52,52,52,53,53,54,54,55,55,56,56,57,57,58,58,59,59,60,61,61,62,63,63,64,65,66,66,67,68,69,68,68,68,67,67,66,66,66,65,65,65,64,64,64,64,65,67,68,69,70,72,73,75,76,78,80,82,83,85,88,90,92,95,97,100,103,106,109,113,117,121,125,130,135,141,147,154,286,286,285,285,374,390
49,49,49,50,50,50,50,50,50,50,50,50,50,50,51,51,51,51,51,51,51,51,52,52,52,52,52,52,53,53,53,53,53,54,54,54,54,54,55,55,55,55,56,56,56,57,57,57,57,57,56,55,55,54,53,53,52,51,51,50,50,50,50,50,51,51,51,52,52,53,53,54,54,54,55,55,56,56,57,57,58,59,59,60,60,61,62,62,63,64,65,65,66,67,68,67,67,66,66,66,65,65,64,64,64,63,63,63,63,63,64,65,66,67,69,70,71,73,74,76,77,79,81,83,85,87,89,91,94,96,99,102,105,109,112,116,120,124,129,134,140,146,152,285,284,284,284,372,386,449
49,49,49,49,49,50,50,50,50,50,50,50,50,50,50,51,51,51,51,51,51,51,52,52,52,52,52,52,53,53,53,53,53,54,54,54,54,55,55,55,55,56,56,56,56,57,56,55,54,54,53,52,51,51,50,50,49,48,49,49,49,50,50,50,51,51,52,52,52,53,53,54,54,55,55,56,56,57,57,58,58,59,60,60,61,62,62,63,64,64,65,66,66,66,65,65,65,64,64,63,63,63,62,62,62,62,61,61,62,64,65,66,67,68,70,71,72,74,75,77,79,81,82,84,87,89,91,94,96,99,102,105,108,112,116,120,124,129,134,139,145,152,283,283,283,282,371,387,451,460
49,49,49,49,49,50,50,50,50,50,50,50,50,50,50,51,51,51,51,51,51,51,52,52,52,52,52,52,53,53,53,53,53,54,54,54,54,55,55,55,55,56,56,55,54,53,52,52,51,50,50,49,48,48,48,48,48,49,49,49,50,50,50,51,51,51,52,52,53,53,54,54,55,55,56,56,57,57,58,58,59,59,60,61,61,62,63,63,64,65,65,64,64,64,63,63,62,62,62,61,61,61,60,60,60,60,61,62,63,64,66,67,68,69,71,72,74,75,77,79,80,82,84,86,89,91,93,96,99,102,105,108,112,116,120,124,129,134,140,146,152,282,282,281,282,369,390,455,460,463
49,49,49,49,49,49,50,50,50,50,50,50,50,50,50,51,51,51,51,51,51,51,52,52,52,52,52,53,53,53,53,53,54,54,54,54,55,55,55,54,53,53,52,51,50,50,49,48,48,47,47,47,47,47,48,48,48,49,49,49,50,50,51,51,51,52,52,53,53,53,54,54,55,55,56,56,57,58,58,59,59,60,61,61,62,63,63,64,63,63,63,62,62,62,61,61,60,60,60,59,59,59,59,59,60,61,62,63,64,65,67,68,69,71,72,74,75,77,79,80,82,84,86,89,91,93,96,99,102,105,108,112,116,120,124,129,134,140,146,153,280,280,280,284,370,393,456,459,462,465
49,49,49,49,49,49,49,50,50,50,50,50,50,50,50,51,51,51,51,51,51,51,52,52,52,52,52,53,53,53,53,53,54,54,54,54,53,52,51,51,50,49,48,48,47,46,46,46,46,46,47,47,47,48,48,48,49,49,49,50,50,50,51,51,52,52,52,53,53,54,54,55,55,56,56,57,57,58,58,59,60,60,61,62,62,63,62,62,61,61,61,60,60,59,59,59,58,58,58,58,57,58,59,60,61,62,63,64,65,66,68,69,70,72,73,75,76,78,80,82,84,86,88,91,93,96,98,101,104,108,111,115,119,124,129,134,139,145,280,279,279,278,284,370,393,454,458,460,464,468
49,49,49,49,49,49,49,50,50,50,50,50,50,50,50,50,51,51,51,51,51,51,52,52,52,52,52,53,53,53,53,53,53,52,51,50,49,49,48,47,46,46,45,45,45,45,46,46,46,46,47,47,47,48,48,48,49,49,49,50,50,50,51,51,52,52,53,53,53,54,54,55,55,56,56,57,58,58,59,59,60,61,61,61,61,60,60,60,59,59,59,58,58,58,57,57,57,56,56,57,57,58,59,60,61,62,63,65,66,67,68,70,71,73,74,76,77,79,81,83,85,87,90,92,95,97,100,103,107,110,114,118,122,127,132,138,144,150,278,277,277,281,365,389,453,455,459,462,465,469
49,49,49,49,49,49,49,49,50,50,50,50,50,50,50,50,51,51,51,51,51,51,52,52,52,52,52,53,53,52,51,50,49,48,48,47,46,45,45,44,44,44,45,45,45,45,46,46,46,46,47,47,47,48,48,48,49,49,49,50,50,51,51,51,52,52,53,53,54,54,54,55,55,56,57,57,58,58,59,59,60,60,60,59,59,59,58,58,57,57,57,56,56,56,55,55,55,55,56,57,58,59,60,61,62,63,64,65,66,67,69,70,72,73,75,76,78,80,82,84,86,88,91,93,96,99,102,105,108,112,116,120,124,129,134,140,146,277,276,276,275,364,377,439,453,456,459,463,466,469
49,49,49,49,49,49,49,49,49,50,50,50,50,50,50,50,50,51,51,51,51,51,51,52,52,52,52,51,50,49,48,47,46,45,44,44,43,43,44,44,44,44,44,45,45,45,46,46,46,46,47,47,47,48,48,48,49,49,49,50,50,50,51,51,52,52,53,53,53,54,54,55,55,56,56,57,58,58,59,59,59,58,58,57,57,57,56,56,56,55,55,55,54,54,54,53,54,55,56,57,58,59,59,60,62,63,64,65,66,67,69,70,72,73,75,76,78,80,82,84,86,88,91,93,96,99,102,105,108,112,116,120,125,130,135,141,147,275,275,274,275,362,381,445,452,455,459,461,465,469
48,49,49,49,49,49,49,49,49,49,49,50,50,50,50,50,50,50,51,51,51,51,51,51,50,49,48,47,46,46,45,44,43,42,43,43,43,43,43,44,44,44,44,45,45,45,45,46,46,46,46,47,47,47,48,48,48,49,49,49,50,50,51,51,51,52,52,53,53,54,54,55,55,56,56,57,57,58,58,57,57,57,56,56,55,55,55,54,54,54,53,53,53,52,52,53,54,55,55,56,57,58,59,60,61,62,63,64,66,67,68,70,71,73,74,76,77,79,81,83,85,88,90,92,95,98,101,104,107,111,115,119,124,128,134,139,146,274,273,273,273,361,377,440,450,454,457,460,464,466
48,48,48,49,49,49,49,49,49,49,49,49,50,50,50,50,50,50,50,51,51,51,49,48,47,46,45,44,43,43,42,42,42,42,42,43,43,43,43,43,44,44,44,44,45,45,45,45,46,46,46,46,47,47,47,48,48,48,49,49,49,50,50,51,51,51,52,52,53,53,54,54,55,55,56,56,57,57,56,56,55,55,55,54,54,53,53,53,52,52,52,51,51,51,52,52,53,54,55,56,57,57,58,59,60,61,62,64,65,66,67,69,70,72,73,75,76,78,80,82,84,86,88,91,93,96,99,102,105,109,113,117,121,126,131,136,142,272,272,272,271,280,366,389,447,451,454,457,461,464
48,48,48,48,48,49,49,49,49,49,49,49,49,49,50,50,50,50,50,50,49,47,46,45,44,43,42,42,41,41,41,42,42,42,42,42,42,43,43,43,43,44,44,44,44,44,45,45,45,46,46,46,46,47,47,47,48,48,48,49,49,49,50,50,51,51,51,52,52,53,53,54,54,55,55,56,56,55,55,54,54,53,53,53,52,52,52,51,51,51,50,50,50,50,51,52,52,53,54,55,56,57,57,58,59,60,61,63,64,65,66,67,69,70,72,73,75,76,78,80,82,84,86,89,91,94,96,99,102,106,109,113,117,121,126,131,137,143,271,271,270,270,358,370,394,447,450,453,456,460
48,48,48,48,48,48,48,49,49,49,49,49,49,49,49,50,50,50,48,47,46,45,44,43,42,41,40,41,41,41,41,41,41,42,42,42,42,42,43,43,43,43,43,44,44,44,44,45,45,45,45,46,46,46,47,47,47,48,48,48,49,49,49,50,50,50,51,51,52,52,53,53,54,54,55,55,54,54,53,53,52,52,52,51,51,51,50,50,50,49,49,49,49,49,50,51,52,52,53,54,55,55,56,57,58,59,60,61,62,63,65,66,67,68,70,71,73,74,76,78,80,82,84,86,88,91,93,96,99,102,105,109,113,117,121,126,131,136,142,270,269,269,268,357,369,393,445,449,451,455
48,48,48,48,48,48,48,48,49,49,49,49,49,49,49,49,48,46,45,44,43,42,41,40,40,40,40,40,41,41,41,41,41,41,41,42,42,42,42,42,43,43,43,43,44,44,44,44,45,45,45,45,46,46,46,46,47,47,47,48,48,48,49,49,50,50,50,51,51,52,52,52,53,53,54,53,53,52,52,52,51,51,50,50,50,49,49,49,48,48,48,47,48,49,49,50,51,51,52,53,54,54,55,56,57,58,59,60,61,62,63,64,65,67,68,69,71,72,74,76,77,79,81,83,85,88,90,93,95,98,101,105,108,112,116,120,125,130,135,269,268,268,267,267,279,365,389,444,447,450
48,48,48,48,48,48,48,48,48,48,49,49,49,49,48,46,45,43,42,41,40,39,39,40,40,40,40,40,40,40,41,41,41,41,41,41,42,42,42,42,42,43,43,43,43,43,44,44,44,44,45,45,45,45,46,46,46,47,47,47,48,48,48,49,49,49,50,50,51,51,51,52,52,53,52,52,51,51,51,50,50,49,49,49,48,48,48,47,47,47,46,47,47,48,48,49,50,50,51,52,53,53,54,55,56,57,58,59,60,61,62,63,64,65,66,68,69,71,72,74,75,77,79,81,83,85,87,89,92,95,97,100,104,107,111,115,119,124,128,134,267,267,266,266,266,276,361,384,442,445
48,48,48,48,48,48,48,48,48,48,48,48,47,45,44,42,41,40,39,39,39,39,39,39,40,40,40,40,40,40,40,41,41,41,41,41,41,42,42,42,42,42,43,43,43,43,43,44,44,44,44,45,45,45,45,46,46,46,47,47,47,48,48,48,49,49,49,50,50,50,51,51,52,51,51,50,50,50,49,49,48,48,48,47,47,47,46,46,46,45,45,46,47,47,48,48,49,50,50,51,52,52,53,54,55,56,57,57,58,59,60,61,63,64,65,66,67,69,70,72,73,75,77,79,80,82,85,87,89,92,94,97,100,103,107,110,114,118,123,128,133,266,266,265,265,264,274,358,380,440
48,48,48,48,48,48,48,48,48,48,46,44,43,41,40,38,39,39,39,39,39,39,39,39,39,40,40,40,40,40,40,40,41,41,41,41,41,41,42,42,42,42,42,43,43,43,43,43,44,44,44,44,45,45,45,45,46,46,46,47,47,47,48,48,48,49,49,49,50,50,51,51,50,50,49,49,48,48,48,47,47,46,46,46,45,45,45,44,44,44,45,45,46,47,47,48,48,49,50,50,51,52,52,53,54,55,56,57,57,58,59,60,62,63,64,65,66,68,69,70,72,73,75,77,79,81,83,85,87,89,92,94,97,100,103,107,110,114,119,123,128,133,265,264,264,263,263,274,359,382
48,48,48,48,48,48,48,47,45,43,41,39,38,38,38,38,39,39,39,39,39,39,39,39,39,39,40,40,40,40,40,40,40,41,41,41,41,41,41,42,42,42,42,42,43,43,43,43,43,44,44,44,44,45,45,45,46,46,46,46,47,47,47,48,48,48,49,49,49,50,49,49,49,48,48,47,47,46,46,46,45,45,44,44,44,43,43,43,44,44,45,45,46,46,47,47,48,49,49,50,51,51,52,53,53,54,55,56,57,58,59,60,61,62,63,64,65,67,68,69,71,72,74,76,77,79,81,83,85,88,90,93,95,98,101,104,108,112,116,120,125,130,135,263,263,262,262,264,350,366
48,48,48,48,47,44,42,40,38,38,38,38,38,38,38,38,39,39,39,39,39,39,39,39,39,39,40,40,40,40,40,40,40,41,41,41,41,41,41,42,42,42,42,42,43,43,43,43,43,44,44,44,44,45,45,45,45,46,46,46,47,47,47,48,48,48,49,49,49,48,48,47,47,46,46,45,45,45,44,44,43,43,43,42,42,42,43,43,43,44,44,45,45,46,47,47,48,48,49,50,50,51,52,52,53,54,55,56,57,58,58,59,60,62,63,64,65,66,68,69,70,72,73,75,77,79,81,83,85,87,89,92,94,97,100,103,107,110,114,118,123,128,133,262,261,261,260,260,349,358
48,46,43,40,38,38,38,38,38,38,38,38,38,38,38,39,39,39,39,39,39,39,39,39,39,40,40,40,40,40,40,40,41,41,41,41,41,41,41,42,42,42,42,42,43,43,43,43,44,44,44,44,44,45,45,45,46,46,46,46,47,47,47,48,48,48,47,47,46,46,46,45,45,44,44,43,43,43,42,42,42,41,41,41,42,42,43,43,44,44,45,45,46,46,47,47,48,48,49,50,50,51,52,53,53,54,55,56,57,58,59,60,61,62,63,64,65,66,68,69,71,72,74,75,77,79,81,83,85,87,89,92,95,97,100,104,107,111,114,119,123,128,261,260,260,260,259,259,347,358
38,38,38,38,38,38,38,38,38,38,38,38,38,38,39,39,39,39,39,39,39,39,39,39,40,40,40,40,40,40,40,41,41,41,41,41,41,41,42,42,42,42,42,43,43,43,43,43,44,44,44,44,45,45,45,45,46,46,46,47,47,47,47,47,46,46,45,45,44,44,43,43,42,42,42,41,41,41,40,40,40,41,41,42,42,43,43,43,44,44,45,45,46,46,47,48,48,49,49,50,51,52,52,53,54,55,55,56,57,58,59,60,61,62,63,65,66,67,68,70,71,73,74,76,78,80,82,84,86,88,91,93,96,99,102,105,108,112,116,121,125,130,259,259,258,258,258,265,346,366
38,38,38,38,38,38,38,38,38,38,38,39,39,39,39,39,39,39,39,39,39,39,40,40,40,40,40,40,40,40,41,41,41,41,41,41,42,42,42,42,42,42,43,43,43,43,44,44,44,44,44,45,45,45,46,46,46,46,47,46,46,45,45,44,44,43,43,42,42,41,41,41,40,40,39,39,39,40,40,40,41,41,42,42,43,43,43,44,44,45,45,46,46,47,48,48,49,49,50,51,52,52,53,54,55,55,56,57,58,59,60,61,62,63,64,66,67,68,70,71,73,74,76,78,79,81,83,85,88,90,93,95,98,101,104,108,111,115,120,124,129,258,258,257,257,256,261,345,359,381
38,38,38,38,38,38,38,38,39,39,39,39,39,39,39,39,39,39,39,39,40,40,40,40,40,40,40,40,41,41,41,41,41,41,42,42,42,42,42,42,43,43,43,43,43,44,44,44,44,45,45,45,45,46,46,46,45,44,44,43,43,42,42,41,41,41,40,40,39,39,39,38,39,39,39,40,40,40,41,41,41,42,42,43,43,44,44,45,45,46,46,47,47,48,48,49,50,50,51,52,52,53,54,55,56,57,57,58,59,60,61,62,64,65,66,67,69,70,71,73,74,76,78,80,82,84,86,88,90,93,96,98,101,105,108,112,116,120,124,257,257,256,256,255,255,260,343,358,416,432
38,38,38,38,38,39,39,39,39,39,39,39,39,39,39,39,39,40,40,40,40,40,40,40,40,41,41,41,41,41,41,41,42,42,42,42,42,42,43,43,43,43,43,44,44,44,44,45,45,45,45,45,44,44,43,43,42,42,41,41,40,40,39,39,38,38,38,38,38,38,38,39,39,40,40,40,41,41,41,42,42,43,43,44,44,44,45,45,46,46,47,48,48,49,49,50,51,51,52,53,54,54,55,56,57,58,59,60,61,62,63,64,65,66,68,69,70,72,73,75,77,79,80,82,84,87,89,91,94,96,99,102,106,109,113,117,121,126,256,255,255,254,254,253,263,342,362,420,431,434
39,39,39,39,39,39,39,39,39,39,39,39,39,39,40,40,40,40,40,40,40,40,41,41,41,41,41,41,41,42,42,42,42,42,42,43,43,43,43,43,44,44,44,44,44,45,45,44,43,43,42,42,41,41,40,40,39,39,38,38,37,37,37,37,37,38,38,38,39,39,39,40,40,40,41,41,41,42,42,43,43,43,44,44,45,45,46,46,47,48,48,49,49,50,51,51,52,53,53,54,55,56,57,58,58,59,60,61,62,64,65,66,67,68,70,71,73,74,76,78,79,81,83,85,88,90,92,95,98,101,104,107,111,114,118,123,255,254,254,253,253,252,253,341,346,367,427,431,433,437
39,39,39,39,39,39,39,39,39,39,40,40,40,40,40,40,40,40,40,41,41,41,41,41,41,41,41,42,42,42,42,42,42,43,43,43,43,43,44,44,44,44,44,43,42,42,41,41,40,40,39,39,38,38,37,37,36,36,36,37,37,37,37,38,38,38,39,39,39,40,40,40,41,41,41,42,42,43,43,43,44,44,45,45,46,46,47,47,48,49,49,50,50,51,52,52,53,54,55,56,56,57,58,59,60,61,62,63,64,65,67,68,69,71,72,74,75,77,79,80,82,84,86,89,91,93,96,99,102,105,108,112,116,120,254,253,253,252,252,251,251,257,339,351,372,427,430,433,436,439
39,39,39,39,39,40,40,40,40,40,40,40,40,40,40,40,41,41,41,41,41,41,41,41,42,42,42,42,42,42,43,43,43,43,43,44,44,44,43,42,42,41,40,40,39,39,38,38,37,37,36,36,35,36,36,36,36,37,37,37,37,38,38,38,39,39,39,40,40,40,41,41,41,42,42,43,43,43,44,44,45,45,46,46,47,47,48,48,49,50,50,51,52,52,53,54,54,55,56,57,58,59,60,61,62,63,64,65,66,67,69,70,71,73,74,76,78,79,81,83,85,87,90,92,94,97,100,103,106,110,113,117,121,252,252,251,251,250,250,250,259,338,354,410,426,429,432,435,438,441
40,40,40,40,40,40,40,40,40,40,40,40,41,41,41,41,41,41,41,41,41,42,42,42,42,42,42,43,43,43,43,43,43,43,42,42,41,40,40,39,38,38,37,37,36,36,35,35,35,35,36,36,36,36,36,37,37,37,37,38,38,38,39,39,39,40,40,40,41,41,41,42,42,43,43,43,44,44,45,45,46,46,47,47,48,48,49,49,50,51,51,52,53,53,54,55,56,57,57,58,59,60,61,62,63,64,65,67,68,69,70,72,73,75,76,78,80,82,84,86,88,90,92,95,98,100,103,107,110,114,118,122,251,250,250,249,249,249,248,258,337,352,373,425,428,430,434,436,440,443
40,40,40,40,40,40,40,40,40,41,41,41,41,41,41,41,41,41,42,42,42,42,42,42,42,43,43,43,43,43,42,41,40,40,39,38,38,37,36,36,35,35,34,35,35,35,35,35,36,36,36,36,36,37,37,37,38,38,38,38,39,39,39,40,40,40,41,41,41,42,42,42,43,43,44,44,44,45,45,46,46,47,47,48,49,49,50,50,51,52,52,53,54,54,55,56,57,58,58,59,60,61,62,63,64,66,67,68,69,71,72,73,75,76,78,80,82,84,86,88,90,92,95,97,100,103,106,110,113,117,244,250,249,249,248,248,247,247,254,335,345,365,422,425,428,432,434,437,440,444
40,40,40,40,41,41,41,41,41,41,41,41,41,41,41,42,42,42,42,42,42,42,43,43,43,42,42,41,40,39,38,38,37,36,36,35,35,34,34,34,34,35,35,35,35,35,36,36,36,36,36,37,37,37,37,38,38,38,39,39,39,39,40,40,40,41,41,41,42,42,43,43,43,44,44,45,45,46,46,47,47,48,48,49,49,50,50,51,52,52,53,54,54,55,56,57,58,58,59,60,61,62,63,64,65,66,68,69,70,72,73,74,76,78,79,81,83,85,87,89,91,94,96,99,102,105,108,111,115,119,247,248,248,247,247,246,246,246,334,334,350,404,422,425,428,431,434,437,440,444
41,41,41,41,41,41,41,41,41,41,41,42,42,42,42,42,42,42,42,43,43,43,42,41,40,39,38,37,37,36,35,35,34,34,34,34,34,34,34,35,35,35,35,35,36,36,36,36,36,37,37,37,37,38,38,38,38,39,39,39,40,40,40,41,41,41,42,42,42,43,43,43,44,44,45,45,46,46,46,47,47,48,49,49,50,50,51,51,52,53,53,54,55,56,56,57,58,59,60,61,62,63,64,65,66,67,68,70,71,72,74,75,77,78,80,82,84,86,88,90,92,94,97,100,103,106,109,112,116,238,247,247,246,246,245,245,245,246,333,333,349,369,421,424,426,429,432,435,439,442
41,41,41,41,41,41,41,41,42,42,42,42,42,42,42,42,42,43,42,41,40,39,38,38,37,36,35,34,34,33,34,34,34,34,34,34,34,35,35,35,35,35,36,36,36,36,36,37,37,37,37,37,38,38,38,39,39,39,39,40,40,40,41,41,41,42,42,42,43,43,43,44,44,45,45,45,46,46,47,47,48,48,49,49,50,51,51,52,52,53,54,55,55,56,57,58,58,59,60,61,62,63,64,65,66,67,69,70,71,72,74,75,77,78,80,82,84,86,88,90,92,94,97,100,102,105,108,112,115,236,244,246,245,245,244,244,243,243,254,331,342,361,417,422,424,427,430,433,436,439
41,41,41,42,42,42,42,42,42,42,42,42,42,42,43,42,41,40,39,38,37,36,35,34,34,33,33,34,34,34,34,34,34,34,35,35,35,35,35,35,36,36,36,36,36,36,37,37,37,37,38,38,38,38,39,39,39,39,40,40,40,41,41,41,41,42,42,43,43,43,44,44,44,45,45,46,46,47,47,48,48,49,49,50,50,51,51,52,53,53,54,55,55,56,57,58,59,59,60,61,62,63,64,65,66,67,69,70,71,72,74,75,77,78,80,82,83,85,87,89,91,94,96,99,101,104,107,111,114,231,239,245,244,244,243,243,242,242,246,331,330,348,400,418,421,424,426,430,432,436
42,42,42,42,42,42,42,42,42,42,42,43,42,41,40,39,38,37,36,35,34,33,33,33,33,34,34,34,34,34,34,34,35,35,35,35,35,35,35,36,36,36,36,36,37,37,37,37,37,38,38,38,38,39,39,39,39,40,40,40,40,41,41,41,42,42,42,43,43,43,44,44,45,45,45,46,46,47,47,48,48,49,49,50,50,51,52,52,53,53,54,55,55,56,57,58,59,59,60,61,62,63,64,65,66,67,68,69,71,72,73,75,76,78,79,81,83,84,86,88,90,93,95,97,100,103,106,109,112,225,233,240,243,243,242,242,241,241,240,248,329,332,350,403,417,420,422,426,428,432
42,42,42,42,42,42,43,43,43,43,41,40,39,37,36,35,34,33,33,33,33,34,34,34,34,34,34,34,34,34,35,35,35,35,35,35,35,36,36,36,36,36,37,37,37,37,37,38,38,38,38,38,39,39,39,39,40,40,40,40,41,41,41,42,42,42,43,43,43,44,44,44,45,45,46,46,47,47,47,48,48,49,49,50,50,51,52,52,53,53,54,55,55,56,57,58,58,59,60,61,62,63,64,65,66,67,68,69,70,72,73,74,76,77,79,80,82,84,85,87,89,91,94,96,98,101,104,107,110,113,226,233,241,242,242,241,241,240,240,239,249,328,332,350,402,416,418,421,424,427
43,43,43,43,43,43,43,42,40,39,37,36,35,33,33,33,33,34,34,34,34,34,34,34,34,34,34,35,35,35,35,35,35,35,36,36,36,36,36,36,36,37,37,37,37,37,38,38,38,38,38,39,39,39,39,40,40,40,40,41,41,41,42,42,42,43,43,43,44,44,44,45,45,45,46,46,47,47,48,48,49,49,50,50,51,51,52,52,53,53,54,55,55,56,57,58,58,59,60,61,62,63,64,64,65,67,68,69,70,71,72,74,75,76,78,79,81,83,84,86,88,90,92,95,97,99,102,105,108,111,220,226,233,241,241,240,240,239,239,238,238,249,327,332,349,401,415,417,420,423
43,43,43,43,43,41,39,37,35,34,33,33,34,34,34,34,34,34,34,34,34,34,34,35,35,35,35,35,35,35,35,35,36,36,36,36,36,36,37,37,37,37,37,37,38,38,38,38,38,39,39,39,39,40,40,40,40,41,41,41,41,42,42,42,43,43,43,44,44,44,45,45,45,46,46,47,47,47,48,48,49,49,50,50,51,51,52,52,53,54,54,55,56,56,57,58,58,59,60,61,62,63,63,64,65,66,67,69,70,71,72,73,75,76,77,79,80,82,84,86,87,89,91,94,96,98,101,103,106,109,214,221,227,235,240,239,239,238,238,237,237,240,326,325,333,350,402,413,416,419
43,44,41,38,36,34,34,34,34,34,34,34,34,34,34,34,34,34,34,35,35,35,35,35,35,35,35,35,36,36,36,36,36,36,36,36,37,37,37,37,37,37,38,38,38,38,38,39,39,39,39,39,40,40,40,40,41,41,41,41,42,42,42,43,43,43,44,44,44,45,45,45,46,46,46,47,47,48,48,49,49,50,50,51,51,52,52,53,53,54,55,55,56,56,57,58,59,59,60,61,62,63,64,65,65,66,68,69,70,71,72,73,75,76,77,79,80,82,84,85,87,89,91,93,95,98,100,102,105,108,211,217,223,230,237,238,238,237,237,236,236,235,243,324,324,337,355,407,413,415
37,35,34,34,34,34,34,34,34,34,34,34,35,35,35,35,35,35,35,35,35,35,35,35,36,36,36,36,36,36,36,36,37,37,37,37,37,37,37,38,38,38,38,38,38,39,39,39,39,40,40,40,40,40,41,41,41,41,42,42,42,42,43,43,43,44,44,44,45,45,45,46,46,47,47,47,48,48,49,49,50,50,51,51,52,52,53,53,54,54,55,56,56,57,58,58,59,60,61,61,62,63,64,65,66,67,68,69,70,71,72,74,75,76,78,79,81,82,84,85,87,89,91,93,95,98,100,102,105,108,208,214,221,227,234,237,237,236,236,235,235,234,239,323,323,329,346,396,411,413
34,34,35,35,35,35,35,35,35,35,35,35,35,35,35,35,35,35,36,36,36,36,36,36,36,36,36,36,37,37,37,37,37,37,37,38,38,38,38,38,38,39,39,39,39,39,39,40,40,40,40,41,41,41,41,41,42,42,42,43,43,43,43,44,44,44,45,45,45,46,46,46,47,47,48,48,48,49,49,50,50,51,51,52,52,53,53,54,54,55,56,56,57,58,58,59,60,61,61,62,63,64,65,66,67,68,69,70,71,72,73,74,76,77,78,80,81,83,85,86,88,90,92,94,96,98,101,103,106,203,208,214,220,227,234,236,236,235,235,234,234,233,238,322,321,327,344,392,409,411
35,35,35,35,35,35,35,35,35,35,35,36,36,36,36,36,36,36,36,36,36,36,36,37,37,37,37,37,37,37,37,38,38,38,38,38,38,38,39,39,39,39,39,40,40,40,40,40,41,41,41,41,41,42,42,42,42,43,43,43,43,44,44,44,45,45,45,46,46,46,47,47,48,48,48,49,49,50,50,51,51,51,52,53,53,54,54,55,55,56,57,57,58,59,59,60,61,62,62,63,64,65,66,67,68,69,70,71,72,73,74,76,77,78,80,81,83,84,86,88,89,91,93,95,98,100,102,105,200,205,210,216,222,229,235,235,234,234,233,233,232,232,241,321,320,331,347,396,408,411
36,36,36,36,36,36,36,36,36,36,36,36,36,36,36,36,37,37,37,37,37,37,37,37,37,37,38,38,38,38,38,38,38,39,39,39,39,39,39,39,40,40,40,40,40,41,41,41,41,41,42,42,42,42,43,43,43,43,44,44,44,45,45,45,46,46,46,47,47,47,48,48,48,49,49,50,50,51,51,52,52,53,53,54,54,55,55,56,56,57,58,58,59,60,61,61,62,63,64,64,65,66,67,68,69,70,71,72,74,75,76,77,79,80,82,83,85,86,88,90,92,94,96,98,100,102,105,198,203,209,214,220,227,234,234,233,233,232,231,231,231,238,320,319,324,340,386,406,409,411
36,36,36,36,36,36,36,37,37,37,37,37,37,37,37,37,37,37,37,37,38,38,38,38,38,38,38,38,39,39,39,39,39,39,39,40,40,40,40,40,40,41,41,41,41,41,42,42,42,42,43,43,43,43,44,44,44,44,45,45,45,46,46,46,47,47,47,48,48,48,49,49,50,50,50,51,51,52,52,53,53,54,54,55,55,56,57,57,58,58,59,60,61,61,62,63,64,64,65,66,67,68,69,70,71,72,73,74,76,77,78,80,81,82,84,85,87,89,91,93,94,97,99,101,103,194,198,203,209,214,220,227,233,232,232,231,231,230,230,229,238,318,318,323,338,384,404,407,410,412
37,37,37,37,37,37,37,37,37,37,37,37,38,38,38,38,38,38,38,38,38,38,39,39,39,39,39,39,39,39,40,40,40,40,40,40,41,41,41,41,41,41,42,42,42,42,43,43,43,43,43,44,44,44,44,45,45,45,46,46,46,47,47,47,48,48,48,49,49,49,50,50,51,51,52,52,53,53,54,54,55,55,56,56,57,57,58,59,59,60,61,61,62,63,64,65,65,66,67,68,69,70,71,72,73,74,76,77,78,79,81,82,84,85,87,88,90,92,94,96,98,100,102,190,195,200,205,210,216,222,228,232,231,230,230,229,229,228,231,240,317,316,325,340,386,403,406,408,411,414
37,37,38,38,38,38,38,38,38,38,38,38,38,38,38,39,39,39,39,39,39,39,39,39,40,40,40,40,40,40,40,41,41,41,41,41,41,42,42,42,42,42,43,43,43,43,43,44,44,44,44,45,45,45,46,46,46,46,47,47,47,48,48,48,49,49,50,50,50,51,51,52,52,52,53,53,54,54,55,55,56,57,57,58,58,59,60,60,61,62,63,63,64,65,66,67,67,68,69,70,71,72,73,75,76,77,78,79,81,82,84,85,87,88,90,92,94,96,98,100,102,188,193,197,202,207,213,219,225,231,230,229,229,228,228,227,227,234,313,315,315,330,345,392,403,406,408,411,414,417
38,38,38,38,38,38,38,39,39,39,39,39,39,39,39,39,39,39,40,40,40,40,40,40,40,40,41,41,41,41,41,41,42,42,42,42,42,42,43,43,43,43,43,44,44,44,44,45,45,45,45,46,46,46,47,47,47,48,48,48,49,49,49,50,50,50,51,51,52,52,52,53,53,54,54,55,55,56,56,57,58,58,59,59,60,61,61,62,63,64,64,65,66,67,68,69,70,71,72,73,74,75,76,77,78,80,81,82,84,85,87,88,90,92,94,96,98,100,182,186,191,195,200,205,210,216,222,228,229,228,228,227,227,226,226,230,306,314,314,321,336,380,399,403,405,409,411,414,416,420
39,39,39,39,39,39,39,39,39,39,39,40,40,40,40,40,40,40,40,40,41,41,41,41,41,41,41,42,42,42,42,42,42,43,43,43,43,43,44,44,44,44,44,45,45,45,45,46,46,46,46,47,47,47,48,48,48,49,49,49,50,50,50,51,51,52,52,52,53,53,54,54,55,55,56,56,57,57,58,59,59,60,60,61,62,63,63,64,65,66,66,67,68,69,70,71,72,73,74,75,76,77,78,80,81,82,84,85,87,88,90,92,93,95,97,99,180,184,189,193,197,202,207,213,218,224,228,228,227,226,226,225,225,225,234,311,313,312,326,341,386,400,403,406,408,411,413,416,419,422
39,39,40,40,40,40,40,40,40,40,40,40,40,40,41,41,41,41,41,41,41,41,42,42,42,42,42,42,42,43,43,43,43,43,44,44,44,44,44,45,45,45,45,46,46,46,46,47,47,47,47,48,48,48,49,49,49,50,50,50,51,51,52,52,52,53,53,54,54,55,55,56,56,57,57,58,58,59,59,60,61,61,62,63,63,64,65,66,67,67,68,69,70,71,72,73,74,75,76,77,78,80,81,82,84,85,87,88,90,91,93,95,97,99,152,182,186,190,195,199,204,209,215,220,226,227,226,226,225,224,224,223,228,302,312,312,315,329,345,389,399,402,404,407,410,413,415,418,422,424
40,40,40,40,40,40,40,41,41,41,41,41,41,41,41,41,41,42,42,42,42,42,42,42,43,43,43,43,43,43,44,44,44,44,44,45,45,45,45,45,46,46,46,46,47,47,47,48,48,48,48,49,49,49,50,50,50,51,51,51,52,52,53,53,54,54,54,55,55,56,56,57,57,58,58,59,60,60,61,61,62,63,64,64,65,66,67,67,68,69,70,71,72,73,74,75,76,77,78,79,81,82,83,85,86,87,89,91,92,94,96,98,150,179,183,187,191,195,200,205,210,215,221,226,225,225,224,224,223,223,222,228,302,311,310,315,329,344,389,398,400,403,406,409,411,414,417,420,423,427
41,41,41,41,41,41,41,41,41,41,41,42,42,42,42,42,42,42,42,43,43,43,43,43,43,43,44,44,44,44,44,45,45,45,45,45,46,46,46,46,46,47,47,47,48,48,48,48,49,49,49,50,50,50,51,51,51,52,52,52,53,53,54,54,54,55,55,56,56,57,57,58,58,59,60,60,61,61,62,63,63,64,65,66,66,67,68,69,70,70,71,72,73,74,75,76,77,79,80,81,82,84,85,86,88,89,91,93,94,96,123,150,178,182,186,190,194,199,204,209,214,220,225,224,224,223,222,222,221,221,227,298,310,309,311,325,339,382,396,398,401,404,407,409,412,414,418,421,423,427
41,41,41,41,42,42,42,42,42,42,42,42,42,42,43,43,43,43,43,43,43,43,44,44,44,44,44,44,45,45,45,45,45,46,46,46,46,46,47,47,47,47,48,48,48,48,49,49,49,50,50,50,51,51,51,52,52,52,53,53,54,54,54,55,55,56,56,57,57,58,58,59,59,60,60,61,62,62,63,64,64,65,66,67,67,68,69,70,71,72,72,73,74,75,76,78,79,80,81,82,84,85,86,88,89,91,93,94,120,122,149,177,180,184,188,192,197,201,206,211,217,222,223,223,222,222,221,220,220,222,230,302,308,308,316,329,344,388,395,398,401,404,406,409,411,414,418,420,424,427
42,42,42,42,42,42,42,42,42,43,43,43,43,43,43,43,43,43,44,44,44,44,44,44,44,45,45,45,45,45,46,46,46,46,46,47,47,47,47,47,48,48,48,49,49,49,49,50,50,50,51,51,51,52,52,52,53,53,53,54,54,55,55,56,56,56,57,57,58,58,59,59,60,61,61,62,62,63,64,64,65,66,66,67,68,69,70,70,71,72,73,74,75,76,77,78,80,81,82,83,84,86,87,89,90,92,93,118,120,147,174,177,181,185,189,193,197,202,207,212,217,223,222,221,221,220,220,219,219,223,230,302,307,306,315,329,369,387,394,397,399,403,405,408,410,413,416,419,422,425
42,42,42,42,43,43,43,43,43,43,43,43,43,43,44,44,44,44,44,44,44,44,45,45,45,45,45,45,46,46,46,46,46,47,47,47,47,47,48,48,48,48,49,49,49,50,50,50,50,51,51,51,52,52,52,53,53,53,54,54,55,55,56,56,56,57,57,58,58,59,59,60,60,61,62,62,63,63,64,65,65,66,67,68,68,69,70,71,72,73,74,75,76,77,78,79,80,81,82,84,85,86,88,89,91,92,94,118,120,146,173,177,180,184,188,192,196,201,205,210,216,221,221,220,220,219,219,218,217,221,228,298,306,305,311,324,338,380,392,394,397,400,403,405,408,411,413,417,419,422
43,43,43,43,43,43,43,43,43,43,44,44,44,44,44,44,44,44,44,45,45,45,45,45,45,46,46,46,46,46,46,47,47,47,47,47,48,48,48,48,49,49,49,49,50,50,50,50,51,51,51,52,52,52,53,53,53,54,54,55,55,55,56,56,57,57,58,58,59,59,60,60,61,61,62,62,63,64,64,65,66,66,67,68,69,69,70,71,72,73,74,75,76,77,78,79,80,81,82,83,85,86,87,89,90,92,116,118,143,145,172,175,178,182,186,190,194,198,203,208,213,218,220,219,219,218,218,217,216,217,224,292,302,304,304,315,328,368,385,392,395,397,400,402,405,408,410,413,416,419
43,43,43,43,43,44,44,44,44,44,44,44,44,44,44,44,45,45,45,45,45,45,45,46,46,46,46,46,46,47,47,47,47,47,48,48,48,48,48,49,49,49,49,50,50,50,50,51,51,51,52,52,52,53,53,53,54,54,54,55,55,56,56,56,57,57,58,58,59,59,60,60,61,61,62,63,63,64,64,65,66,66,67,68,69,69,70,71,72,73,74,75,76,76,78,79,80,81,82,83,84,86,87,88,90,91,115,116,141,144,169,173,176,179,183,187,191,195,199,204,209,214,219,219,218,217,217,216,216,215,218,225,293,304,303,305,317,330,370,387,391,394,396,399,401,404,406,410,412,415
44,44,44,44,44,44,44,44,44,44,44,44,45,45,45,45,45,45,45,45,45,46,46,46,46,46,46,47,47,47,47,47,47,48,48,48,48,48,49,49,49,49,50,50,50,50,51,51,51,52,52,52,53,53,53,54,54,54,55,55,55,56,56,57,57,57,58,58,59,59,60,60,61,61,62,63,63,64,64,65,66,66,67,68,69,69,70,71,72,73,73,74,75,76,77,78,79,80,81,83,84,85,86,88,89,91,113,115,117,142,144,170,173,177,180,184,187,191,196,200,204,209,214,218,217,217,216,215,215,214,214,219,284,293,302,302,305,317,330,369,386,390,392,395,397,400,402,405,408,411
44,44,44,44,44,44,44,44,45,45,45,45,45,45,45,45,45,45,46,46,46,46,46,46,46,47,47,47,47,47,47,48,48,48,48,48,49,49,49,49,49,50,50,50,50,51,51,51,52,52,52,52,53,53,53,54,54,54,55,55,56,56,56,57,57,58,58,58,59,59,60,60,61,61,62,63,63,64,64,65,66,66,67,68,68,69,70,71,71,72,73,74,75,76,77,78,79,80,81,82,83,85,86,87,88,90,112,114,116,140,142,167,170,174,177,180,184,188,192,196,200,205,210,215,217,216,215,215,214,213,213,212,219,284,293,301,300,305,317,330,369,385,389,391,393,396,398,401,404,407
44,44,44,45,45,45,45,45,45,45,45,45,45,45,45,46,46,46,46,46,46,46,46,47,47,47,47,47,47,47,48,48,48,48,48,49,49,49,49,49,50,50,50,50,51,51,51,51,52,52,52,53,53,53,54,54,54,55,55,55,56,56,56,57,57,58,58,59,59,59,60,60,61,62,62,63,63,64,64,65,66,66,67,68,68,69,70,71,71,72,73,74,75,76,77,78,79,80,81,82,83,84,85,87,88,109,111,113,115,138,141,165,168,171,174,178,181,185,189,193,197,201,206,211,216,215,215,214,213,213,212,212,213,220,285,294,300,299,306,318,331,370,386,388,390,392,395,398,401,403
45,45,45,45,45,45,45,45,45,45,45,45,46,46,46,46,46,46,46,46,46,47,47,47,47,47,47,47,48,48,48,48,48,48,49,49,49,49,49,50,50,50,50,51,51,51,51,52,52,52,53,53,53,53,54,54,54,55,55,55,56,56,57,57,57,58,58,59,59,60,60,61,61,62,62,63,63,64,64,65,66,66,67,68,68,69,70,70,71,72,73,74,75,75,76,77,78,79,80,82,83,84,85,86,87,109,110,112,114,137,139,164,166,169,173,176,179,183,186,190,194,198,203,207,212,214,214,213,212,212,211,211,210,216,278,287,297,298,298,309,321,334,373,385,387,389,392,394,397,400
45,45,45,45,45,45,45,46,46,46,46,46,46,46,46,46,46,46,47,47,47,47,47,47,47,47,48,48,48,48,48,48,49,49,49,49,49,50,50,50,50,50,51,51,51,51,52,52,52,53,53,53,53,54,54,54,55,55,55,56,56,56,57,57,58,58,59,59,59,60,60,61,61,62,62,63,63,64,65,65,66,66,67,68,68,69,70,71,71,72,73,74,75,76,77,77,78,79,80,82,83,84,85,86,107,108,110,112,134,136,139,163,166,168,171,175,178,181,185,189,193,197,201,206,210,213,213,212,211,211,210,209,209,213,220,283,293,297,297,303,315,328,366,382,385,387,390,392,395,397
45,46,46,46,46,46,46,46,46,46,46,46,46,46,46,47,47,47,47,47,47,47,47,48,48,48,48,48,48,48,49,49,49,49,49,50,50,50,50,50,51,51,51,51,52,52,52,52,53,53,53,53,54,54,54,55,55,55,56,56,56,57,57,58,58,58,59,59,60,60,61,61,62,62,63,63,64,64,65,66,66,67,67,68,69,70,70,71,72,73,73,74,75,76,77,78,79,80,81,82,83,84,85,106,107,109,110,112,134,137,139,163,166,168,171,175,178,181,185,189,192,197,201,205,210,212,211,211,210,209,209,208,208,213,219,282,291,296,295,302,313,326,363,379,384,386,388,391,393,396
46,46,46,46,46,46,46,46,46,46,46,47,47,47,47,47,47,47,47,47,48,48,48,48,48,48,48,48,49,49,49,49,49,50,50,50,50,50,51,51,51,51,51,52,52,52,52,53,53,53,54,54,54,54,55,55,55,56,56,57,57,57,58,58,58,59,59,60,60,61,61,62,62,63,63,64,64,65,65,66,67,67,68,69,69,70,71,72,72,73,74,75,76,77,78,78,79,80,81,83,84,85,105,106,108,110,111,133,135,137,161,164,166,169,172,176,179,182,186,190,194,198,202,206,211,211,210,209,209,208,207,207,208,214,275,284,293,295,294,304,315,328,366,381,383,385,387,389,392,394
46,46,46,46,46,46,47,47,47,47,47,47,47,47,47,47,47,48,48,48,48,48,48,48,48,49,49,49,49,49,49,50,50,50,50,50,51,51,51,51,51,52,52,52,52,53,53,53,53,54,54,54,55,55,55,56,56,56,57,57,57,58,58,59,59,60,60,60,61,61,62,62,63,63,64,64,65,66,66,67,67,68,69,69,70,71,72,72,73,74,75,76,77,77,78,79,80,81,83,84,103,105,106,108,109,131,133,135,137,160,163,165,168,171,174,178,181,185,188,192,196,200,205,209,209,209,208,207,207,206,206,206,212,271,280,289,293,293,299,310,322,358,374,380,382,385,387,390,392,395
46,47,47,47,47,47,47,47,47,47,47,47,47,47,48,48,48,48,48,48,48,48,49,49,49,49,49,49,49,50,50,50,50,50,51,51,51,51,51,52,52,52,52,53,53,53,53,54,54,54,55,55,55,56,56,56,57,57,57,58,58,59,59,59,60,60,61,61,62,62,63,63,64,64,65,65,66,66,67,68,68,69,70,70,71,72,73,73,74,75,76,77,78,79,80,81,82,83,102,103,105,106,108,109,131,133,135,157,160,163,165,168,171,174,177,181,184,188,192,196,200,204,209,208,207,207,206,206,205,204,205,211,270,279,287,292,292,297,308,320,356,371,379,381,384,386,389,391,394,396
47,47,47,47,47,47,47,47,47,47,48,48,48,48,48,48,48,48,48,49,49,49,49,49,49,49,50,50,50,50,50,50,51,51,51,51,52,52,52,52,52,53,53,53,53,54,54,54,55,55,55,56,56,56,57,57,57,58,58,58,59,59,60,60,61,61,61,62,62,63,63,64,64,65,66,66,67,67,68,69,69,70,71,71,72,73,74,75,75,76,77,78,79,80,81,82,101,102,104,105,107,108,129,131,133,135,158,160,163,166,169,172,175,178,181,185,188,192,196,200,205,207,207,206,205,205,204,203,203,206,212,271,279,288,291,290,298,309,321,357,372,378,380,382,385,387,390,392,395,397
47,47,47,47,47,47,48,48,48,48,48,48,48,48,48,48,49,49,49,49,49,49,49,50,50,50,50,50,50,51,51,51,51,51,52,52,52,52,53,53,53,53,54,54,54,54,55,55,55,56,56,56,57,57,57,58,58,58,59,59,60,60,60,61,61,62,62,63,63,64,64,65,65,66,67,67,68,68,69,70,71,71,72,73,73,74,75,76,77,78,79,80,81,99,100,102,103,104,106,107,128,130,132,134,156,159,161,164,167,170,173,176,179,182,186,190,193,197,202,206,206,205,204,204,203,203,202,202,207,213,273,281,290,289,290,300,311,323,360,375,377,379,382,384,387,389,392,394,397,399
47,47,47,48,48,48,48,48,48,48,48,48,48,49,49,49,49,49,49,49,49,50,50,50,50,50,50,51,51,51,51,51,52,52,52,52,53,53,53,53,54,54,54,54,55,55,55,56,56,56,57,57,57,58,58,58,59,59,60,60,60,61,61,62,62,63,63,64,64,65,65,66,66,67,68,68,69,70,70,71,72,72,73,74,75,76,76,77,78,79,80,98,100,101,102,104,105,106,127,129,131,133,155,157,160,162,165,168,171,174,177,180,183,187,191,195,199,203,205,204,204,203,202,202,201,200,203,209,267,275,284,288,288,293,303,315,349,364,374,376,379,381,384,386,389,391,394,396,399,402
48,48,48,48,48,48,48,48,48,48,49,49,49,49,49,49,49,49,50,50,50,50,50,50,51,51,51,51,51,51,52,52,52,52,53,53,53,53,54,54,54,54,55,55,55,55,56,56,56,57,57,57,58,58,59,59,59,60,60,61,61,62,62,62,63,63,64,64,65,66,66,67,67,68,69,69,70,71,71,72,73,74,74,75,76,77,78,79,96,98,99,100,101,103,104,124,126,127,129,131,153,155,158,160,163,166,168,171,174,178,181,184,188,192,196,200,204,203,203,202,201,201,200,199,199,205,210,269,277,286,287,286,295,306,317,352,366,374,376,378,381,383,385,388,390,393,396,399,401,404
48,48,48,48,48,48,48,48,49,49,49,49,49,49,49,49,50,50,50,50,50,50,50,51,51,51,51,51,52,52,52,52,52,53,53,53,53,54,54,54,54,55,55,55,56,56,56,57,57,57,58,58,58,59,59,60,60,60,61,61,62,62,63,63,64,64,65,65,66,66,67,68,68,69,69,70,71,72,72,73,74,75,75,76,77,78,96,97,98,99,100,102,103,104,124,126,128,130,151,153,156,158,161,163,166,169,172,175,178,181,185,188,192,196,200,203,202,201,200,200,199,199,198,200,205,262,269,277,286,285,285,295,306,317,353,367,373,375,377,379,382,384,387,389,392,395,397,400,402,406
48,48,48,48,48,48,49,49,49,49,49,49,49,49,49,50,50,50,50,50,50,51,51,51,51,51,51,52,52,52,52,53,53,53,53,53,54,54,54,55,55,55,55,56,56,56,57,57,57,58,58,58,59,59,60,60,60,61,61,62,62,63,63,64,64,65,65,66,66,67,68,68,69,69,70,71,72,72,73,74,75,75,76,77,94,95,97,98,99,100,102,103,122,124,126,127,129,151,153,155,158,160,163,165,168,171,174,177,181,184,188,191,195,199,201,201,200,199,199,198,197,197,199,204,260,268,276,284,284,284,293,304,315,350,364,371,373,376,378,380,382,385,387,390,392,395,398,401,404,406
48,48,48,48,48,49,49,49,49,49,49,49,49,50,50,50,50,50,50,50,51,51,51,51,51,51,52,52,52,52,53,53,53,53,53,54,54,54,54,55,55,55,56,56,56,57,57,57,58,58,58,59,59,59,60,60,61,61,62,62,63,63,64,64,65,65,66,66,67,67,68,69,69,70,71,71,72,73,73,74,75,76,93,94,95,96,97,98,100,101,102,122,123,125,127,128,150,152,154,156,159,161,164,167,170,173,176,179,182,186,189,193,197,200,199,199,198,197,197,196,196,196,201,256,264,271,280,283,282,288,298,309,343,356,369,371,373,375,378,380,382,385,388,390,393,395,398,401,404,407
48,48,48,48,49,49,49,49,49,49,49,49,49,50,50,50,50,50,50,50,51,51,51,51,51,52,52,52,52,52,53,53,53,53,54,54,54,54,55,55,55,55,56,56,56,57,57,57,58,58,58,59,59,60,60,60,61,61,62,62,63,63,64,64,65,65,66,66,67,67,68,69,69,70,71,71,72,73,74,74,91,92,93,94,95,96,97,99,100,119,120,122,123,125,127,148,150,152,154,157,159,162,165,167,170,173,176,179,183,186,190,194,198,199,198,197,197,196,195,195,194,197,202,257,265,272,281,282,281,289,299,310,344,358,368,370,372,375,377,379,381,384,386,389,391,395,397,400,403,406
48,48,48,48,49,49,49,49,49,49,49,49,49,50,50,50,50,50,50,50,51,51,51,51,51,52,52,52,52,52,53,53,53,53,54,54,54,54,55,55,55,55,56,56,56,57,57,57,58,58,58,59,59,60,60,60,61,61,62,62,63,63,64,64,65,65,66,66,67,67,68,69,69,70,71,71,72,73,73,90,91,92,93,94,95,96,97,98,100,118,120,121,123,125,145,147,149,152,154,156,159,161,164,167,169,172,175,179,182,185,189,193,197,197,197,196,195,195,194,193,193,195,201,255,263,270,279,280,280,287,297,307,341,354,366,369,370,372,375,377,380,382,385,387,390,393,395,398,401,404
48,48,48,48,49,49,49,49,49,49,49,49,49,50,50,50,50,50,50,50,51,51,51,51,51,51,52,52,52,52,52,53,53,53,53,54,54,54,54,55,55,55,56,56,56,56,57,57,57,58,58,59,59,59,60,60,61,61,61,62,62,63,63,64,64,65,65,66,66,67,68,68,69,70,70,71,72,72,88,89,90,91,92,93,94,95,97,98,116,118,119,121,122,124,144,146,148,150,153,155,157,160,162,165,168,171,174,177,180,183,187,191,194,196,196,195,194,193,193,192,192,192,198,203,258,266,274,279,279,281,291,301,312,346,360,366,368,370,373,374,377,379,382,384,387,389,392,395,398,401
48,48,48,48,48,49,49,49,49,49,49,49,49,49,50,50,50,50,50,50,50,51,51,51,51,51,51,52,52,52,52,52,53,53,53,53,54,54,54,54,55,55,55,56,56,56,56,57,57,57,58,58,59,59,59,60,60,61,61,61,62,62,63,63,64,64,65,65,66,67,67,68,68,69,70,70,71,72,88,88,89,90,91,92,93,94,96,97,115,116,118,119,121,122,142,144,146,148,151,153,155,158,160,163,165,168,171,174,177,180,184,187,191,195,195,194,193,193,192,191,191,190,193,198,252,259,267,275,278,277,282,292,302,313,348,362,365,367,369,371,374,376,379,381,384,386,389,392,394,397
48,48,48,48,48,48,48,49,49,49,49,49,49,49,49,49,50,50,50,50,50,50,51,51,51,51,51,51,52,52,52,52,52,53,53,53,53,54,54,54,54,55,55,55,55,56,56,56,57,57,57,58,58,59,59,59,60,60,60,61,61,62,62,63,63,64,64,65,65,66,66,67,68,68,69,69,70,86,87,87,88,89,90,91,92,93,94,95,113,115,116,118,119,121,122,142,144,146,148,150,153,155,157,160,162,165,168,171,174,177,180,183,187,191,194,193,192,192,191,190,190,189,189,193,198,251,259,266,274,276,276,281,291,301,334,347,360,364,366,367,370,372,375,377,380,382,385,388,390,393
48,48,48,48,48,48,48,48,48,49,49,49,49,49,49,49,49,50,50,50,50,50,50,50,51,51,51,51,51,51,52,52,52,52,53,53,53,53,53,54,54,54,55,55,55,55,56,56,56,57,57,57,58,58,58,59,59,60,60,60,61,61,62,62,63,63,64,64,65,65,66,66,67,67,68,69,69,85,85,86,87,88,89,90,91,92,93,94,95,113,114,116,117,119,120,140,142,144,146,148,150,152,154,157,159,162,164,167,170,173,176,179,183,186,190,193,192,191,190,190,189,188,188,187,191,197,250,257,264,272,275,274,280,289,299,310,344,357,362,364,366,369,371,373,375,378,380,383,385,388
48,48,48,48,48,48,48,48,48,48,48,49,49,49,49,49,49,49,49,50,50,50,50,50,50,50,51,51,51,51,51,52,52,52,52,52,53,53,53,53,54,54,54,54,55,55,55,56,56,56,56,57,57,57,58,58,59,59,59,60,60,61,61,61,62,62,63,63,64,64,65,65,66,67,67,68,68,84,84,85,86,87,88,89,90,91,92,93,94,111,113,114,115,117,118,120,139,141,143,145,147,149,151,154,156,159,161,164,167,169,172,175,179,182,185,189,191,190,190,189,188,188,187,186,186,190,195,249,256,263,270,274,273,278,287,297,308,341,355,360,362,365,367,369,371,374,376,379,381,384
